Kinetic_read	A1	A2	A3	A4	A5	A6	A7	A8	A9	A10	A11	A12	B1	B2	B3	B4	B5	B6	B7	B8	B9	B10	B11	B12	C1	C2	C3	C4	C5	C6	C7	C8	C9	C10	C11	C12	D1	D2	D3	D4	D5	D6	D7	D8	D9	D10	D11	D12	E1	E2	E3	E4	E5	E6	E7	E8	E9	E10	E11	E12	F1	F2	F3	F4	F5	F6	F7	F8	F9	F10	F11	F12	G1	G2	G3	G4	G5	G6	G7	G8	G9	G10	G11	G12	H1	H2	H3	H4	H5	H6	H7	H8	H9	H10	H11	H12
0:00:07	0.095	0.089	0.089	0.087	0.093	0.088	0.083	0.084	0.086	0.085	0.085	0.084	0.087	0.088	0.088	0.090	0.086	0.090	0.088	0.083	0.085	0.085	0.084	0.084	0.086	0.088	0.088	0.086	0.086	0.090	0.091	0.086	0.086	0.083	0.084	0.084	0.086	0.090	0.087	0.088	0.085	0.088	0.092	0.089	0.088	0.082	0.083	0.083	0.086	0.090	0.085	0.089	0.087	0.087	0.091	0.092	0.090	0.086	0.087	0.084	0.087	0.092	0.085	0.086	0.090	0.086	0.086	0.089	0.092	0.089	0.084	0.083	0.086	0.087	0.088	0.086	0.089	0.086	0.087	0.088	0.091	0.091	0.087	0.086	0.084	0.089	0.087	0.086	0.088	0.086	0.083	0.086	0.090	0.092	0.089	0.088
0:10:07	0.086	0.083	0.083	0.083	0.088	0.083	0.082	0.083	0.083	0.083	0.082	0.081	0.082	0.083	0.084	0.088	0.082	0.085	0.084	0.082	0.083	0.082	0.083	0.081	0.083	0.084	0.082	0.082	0.083	0.085	0.083	0.083	0.084	0.081	0.082	0.082	0.083	0.083	0.083	0.083	0.083	0.084	0.084	0.084	0.083	0.081	0.081	0.081	0.082	0.083	0.082	0.082	0.082	0.085	0.085	0.086	0.083	0.082	0.087	0.081	0.084	0.083	0.082	0.083	0.084	0.083	0.083	0.084	0.085	0.083	0.082	0.082	0.084	0.084	0.083	0.082	0.083	0.083	0.085	0.084	0.085	0.084	0.083	0.083	0.081	0.083	0.083	0.084	0.083	0.082	0.081	0.082	0.085	0.086	0.084	0.083
0:20:07	0.083	0.083	0.083	0.082	0.087	0.082	0.081	0.082	0.083	0.083	0.082	0.080	0.081	0.082	0.083	0.087	0.082	0.085	0.083	0.081	0.082	0.082	0.082	0.081	0.081	0.083	0.081	0.081	0.082	0.088	0.082	0.082	0.082	0.081	0.082	0.081	0.082	0.082	0.082	0.082	0.082	0.083	0.083	0.081	0.081	0.080	0.081	0.081	0.081	0.081	0.081	0.081	0.081	0.085	0.083	0.085	0.082	0.081	0.091	0.081	0.083	0.082	0.084	0.082	0.083	0.082	0.086	0.082	0.084	0.081	0.082	0.081	0.082	0.083	0.085	0.082	0.082	0.082	0.086	0.084	0.083	0.083	0.082	0.081	0.081	0.082	0.083	0.083	0.082	0.082	0.081	0.082	0.084	0.085	0.084	0.083
0:30:07	0.081	0.082	0.082	0.082	0.086	0.082	0.081	0.081	0.083	0.082	0.081	0.080	0.080	0.081	0.082	0.086	0.081	0.082	0.083	0.081	0.082	0.081	0.081	0.080	0.081	0.082	0.080	0.080	0.082	0.082	0.081	0.081	0.081	0.080	0.081	0.081	0.081	0.081	0.081	0.082	0.082	0.083	0.082	0.082	0.082	0.080	0.080	0.080	0.080	0.080	0.081	0.080	0.081	0.083	0.083	0.084	0.081	0.080	0.095	0.080	0.081	0.081	0.081	0.081	0.086	0.081	0.086	0.081	0.083	0.080	0.081	0.081	0.082	0.082	0.088	0.081	0.081	0.081	0.086	0.084	0.082	0.082	0.081	0.081	0.080	0.081	0.082	0.083	0.081	0.081	0.082	0.083	0.084	0.084	0.083	0.083
0:40:07	0.081	0.081	0.082	0.082	0.086	0.082	0.081	0.082	0.083	0.083	0.081	0.080	0.080	0.081	0.082	0.086	0.081	0.082	0.083	0.081	0.082	0.082	0.081	0.081	0.081	0.082	0.080	0.081	0.082	0.083	0.090	0.082	0.082	0.080	0.081	0.081	0.081	0.081	0.082	0.082	0.082	0.083	0.083	0.081	0.082	0.080	0.080	0.080	0.080	0.082	0.081	0.081	0.081	0.084	0.083	0.084	0.081	0.081	0.099	0.081	0.082	0.082	0.082	0.083	0.087	0.084	0.084	0.084	0.085	0.081	0.082	0.081	0.082	0.084	0.090	0.088	0.087	0.087	0.095	0.094	0.091	0.088	0.086	0.088	0.081	0.091	0.092	0.094	0.090	0.091	0.092	0.094	0.095	0.093	0.091	0.095
0:50:07	0.081	0.081	0.082	0.082	0.087	0.084	0.083	0.085	0.086	0.090	0.092	0.079	0.080	0.082	0.084	0.088	0.084	0.085	0.086	0.085	0.086	0.086	0.089	0.089	0.083	0.086	0.083	0.085	0.087	0.087	0.084	0.086	0.086	0.085	0.087	0.081	0.086	0.088	0.088	0.089	0.088	0.090	0.090	0.087	0.088	0.084	0.086	0.082	0.085	0.088	0.089	0.088	0.088	0.092	0.091	0.092	0.088	0.087	0.110	0.084	0.088	0.090	0.092	0.092	0.092	0.092	0.092	0.092	0.092	0.090	0.091	0.087	0.087	0.090	0.099	0.095	0.093	0.094	0.100	0.099	0.099	0.099	0.105	0.114	0.084	0.095	0.097	0.099	0.095	0.096	0.101	0.105	0.108	0.110	0.114	0.121
1:00:07	0.080	0.081	0.085	0.090	0.094	0.097	0.099	0.102	0.102	0.113	0.115	0.080	0.080	0.085	0.087	0.094	0.092	0.094	0.097	0.098	0.103	0.105	0.111	0.110	0.086	0.088	0.086	0.089	0.094	0.094	0.091	0.097	0.099	0.101	0.107	0.086	0.089	0.091	0.091	0.092	0.092	0.095	0.097	0.092	0.101	0.100	0.105	0.095	0.087	0.091	0.092	0.092	0.093	0.098	0.098	0.099	0.101	0.103	0.133	0.101	0.090	0.093	0.096	0.098	0.101	0.101	0.101	0.106	0.107	0.110	0.114	0.106	0.089	0.092	0.100	0.104	0.103	0.105	0.118	0.121	0.125	0.125	0.132	0.140	0.088	0.102	0.108	0.112	0.106	0.110	0.124	0.130	0.135	0.136	0.142	0.147
1:10:07	0.080	0.081	0.090	0.103	0.108	0.117	0.119	0.123	0.123	0.136	0.137	0.079	0.081	0.087	0.092	0.104	0.109	0.113	0.117	0.120	0.126	0.128	0.134	0.131	0.087	0.089	0.088	0.101	0.110	0.111	0.122	0.118	0.122	0.124	0.129	0.095	0.090	0.092	0.096	0.102	0.106	0.112	0.116	0.109	0.125	0.123	0.129	0.115	0.088	0.092	0.099	0.104	0.107	0.113	0.116	0.118	0.125	0.128	0.161	0.124	0.092	0.095	0.104	0.113	0.117	0.120	0.121	0.129	0.131	0.137	0.140	0.130	0.091	0.094	0.109	0.123	0.122	0.126	0.142	0.147	0.152	0.150	0.156	0.164	0.089	0.110	0.126	0.133	0.126	0.131	0.147	0.154	0.160	0.159	0.167	0.169
1:20:07	0.080	0.081	0.097	0.118	0.125	0.137	0.139	0.142	0.143	0.157	0.157	0.080	0.080	0.087	0.097	0.119	0.127	0.133	0.137	0.141	0.147	0.148	0.154	0.149	0.087	0.090	0.092	0.117	0.130	0.133	0.146	0.139	0.143	0.145	0.149	0.109	0.090	0.094	0.101	0.117	0.125	0.133	0.138	0.131	0.149	0.145	0.151	0.135	0.088	0.094	0.106	0.121	0.126	0.134	0.138	0.142	0.149	0.151	0.185	0.145	0.092	0.097	0.114	0.133	0.138	0.141	0.143	0.154	0.154	0.161	0.162	0.151	0.091	0.097	0.123	0.144	0.142	0.147	0.163	0.171	0.176	0.172	0.177	0.183	0.089	0.123	0.143	0.154	0.145	0.152	0.168	0.175	0.183	0.180	0.188	0.188
1:30:07	0.080	0.081	0.103	0.133	0.140	0.155	0.155	0.159	0.160	0.174	0.174	0.080	0.080	0.088	0.104	0.134	0.145	0.151	0.155	0.160	0.165	0.166	0.172	0.164	0.087	0.091	0.097	0.133	0.148	0.152	0.149	0.158	0.162	0.163	0.167	0.123	0.090	0.096	0.109	0.135	0.144	0.153	0.158	0.151	0.170	0.164	0.170	0.153	0.089	0.096	0.117	0.139	0.146	0.153	0.160	0.164	0.169	0.172	0.206	0.164	0.092	0.098	0.129	0.151	0.158	0.161	0.164	0.174	0.175	0.183	0.182	0.170	0.091	0.099	0.140	0.163	0.162	0.166	0.182	0.191	0.197	0.191	0.195	0.199	0.089	0.136	0.160	0.172	0.163	0.170	0.187	0.194	0.202	0.198	0.206	0.204
1:40:07	0.080	0.081	0.110	0.146	0.155	0.171	0.170	0.174	0.174	0.190	0.188	0.079	0.080	0.089	0.110	0.147	0.160	0.167	0.172	0.176	0.182	0.181	0.187	0.178	0.088	0.092	0.101	0.149	0.164	0.170	0.160	0.175	0.179	0.179	0.183	0.137	0.091	0.097	0.117	0.151	0.161	0.170	0.177	0.168	0.189	0.180	0.187	0.169	0.089	0.098	0.129	0.155	0.163	0.170	0.177	0.183	0.187	0.190	0.225	0.180	0.092	0.099	0.142	0.168	0.175	0.178	0.182	0.192	0.193	0.201	0.199	0.187	0.091	0.100	0.155	0.180	0.178	0.184	0.199	0.209	0.215	0.208	0.210	0.214	0.089	0.149	0.175	0.189	0.179	0.188	0.203	0.210	0.218	0.214	0.222	0.219
1:50:07	0.080	0.080	0.117	0.157	0.168	0.184	0.183	0.187	0.188	0.203	0.201	0.079	0.081	0.089	0.117	0.160	0.174	0.181	0.186	0.190	0.196	0.195	0.201	0.190	0.088	0.093	0.106	0.163	0.178	0.185	0.174	0.189	0.194	0.194	0.196	0.149	0.090	0.099	0.126	0.166	0.176	0.185	0.193	0.185	0.205	0.195	0.202	0.183	0.089	0.099	0.140	0.170	0.179	0.186	0.194	0.199	0.204	0.206	0.242	0.195	0.092	0.100	0.156	0.183	0.190	0.194	0.199	0.209	0.209	0.217	0.214	0.200	0.091	0.101	0.175	0.196	0.193	0.199	0.214	0.225	0.230	0.221	0.223	0.227	0.089	0.160	0.189	0.204	0.194	0.203	0.217	0.225	0.233	0.228	0.235	0.232
2:00:07	0.080	0.081	0.123	0.168	0.180	0.196	0.194	0.199	0.201	0.215	0.213	0.079	0.080	0.089	0.123	0.171	0.187	0.194	0.199	0.204	0.208	0.208	0.214	0.201	0.088	0.094	0.109	0.176	0.191	0.199	0.203	0.202	0.207	0.206	0.208	0.162	0.090	0.100	0.134	0.179	0.189	0.199	0.207	0.199	0.218	0.208	0.214	0.195	0.089	0.100	0.150	0.183	0.192	0.199	0.208	0.214	0.217	0.219	0.257	0.207	0.092	0.100	0.168	0.197	0.204	0.207	0.213	0.223	0.223	0.229	0.226	0.213	0.091	0.102	0.181	0.208	0.206	0.212	0.227	0.239	0.243	0.234	0.235	0.239	0.088	0.171	0.201	0.217	0.207	0.216	0.229	0.238	0.246	0.240	0.246	0.243
2:10:07	0.080	0.081	0.129	0.178	0.191	0.207	0.206	0.210	0.211	0.226	0.224	0.079	0.080	0.089	0.129	0.181	0.198	0.205	0.211	0.215	0.220	0.219	0.225	0.212	0.088	0.095	0.114	0.188	0.202	0.211	0.198	0.213	0.219	0.218	0.219	0.172	0.090	0.101	0.141	0.191	0.202	0.211	0.219	0.211	0.231	0.221	0.226	0.207	0.088	0.108	0.160	0.195	0.204	0.211	0.221	0.227	0.230	0.231	0.270	0.219	0.092	0.101	0.178	0.208	0.216	0.220	0.226	0.236	0.236	0.242	0.239	0.224	0.091	0.103	0.192	0.221	0.219	0.224	0.238	0.251	0.255	0.245	0.245	0.249	0.088	0.180	0.212	0.228	0.218	0.228	0.240	0.250	0.256	0.251	0.257	0.254
2:20:07	0.080	0.080	0.135	0.187	0.201	0.217	0.215	0.221	0.221	0.235	0.234	0.079	0.080	0.089	0.135	0.191	0.208	0.215	0.221	0.225	0.230	0.229	0.235	0.220	0.087	0.095	0.117	0.197	0.212	0.222	0.208	0.224	0.230	0.228	0.229	0.182	0.090	0.102	0.149	0.202	0.213	0.222	0.231	0.222	0.242	0.231	0.236	0.218	0.089	0.102	0.170	0.205	0.215	0.222	0.232	0.238	0.240	0.242	0.283	0.230	0.092	0.101	0.188	0.219	0.226	0.230	0.237	0.247	0.247	0.253	0.250	0.235	0.091	0.104	0.203	0.231	0.230	0.235	0.248	0.261	0.265	0.255	0.254	0.258	0.088	0.189	0.223	0.237	0.228	0.239	0.249	0.260	0.266	0.260	0.265	0.263
2:30:07	0.080	0.081	0.140	0.195	0.210	0.227	0.224	0.230	0.230	0.245	0.244	0.079	0.080	0.089	0.141	0.200	0.217	0.225	0.231	0.236	0.240	0.238	0.244	0.228	0.087	0.095	0.120	0.206	0.222	0.232	0.218	0.234	0.240	0.237	0.239	0.192	0.090	0.102	0.155	0.212	0.224	0.232	0.241	0.233	0.252	0.241	0.246	0.226	0.088	0.102	0.178	0.216	0.225	0.233	0.243	0.248	0.251	0.254	0.294	0.240	0.092	0.101	0.197	0.229	0.236	0.240	0.247	0.257	0.258	0.263	0.260	0.245	0.091	0.105	0.212	0.241	0.240	0.245	0.258	0.270	0.274	0.264	0.262	0.266	0.088	0.198	0.232	0.247	0.239	0.248	0.259	0.269	0.275	0.269	0.273	0.272
2:40:07	0.080	0.080	0.145	0.203	0.219	0.235	0.232	0.239	0.238	0.253	0.252	0.079	0.080	0.089	0.146	0.208	0.226	0.234	0.240	0.244	0.248	0.245	0.253	0.236	0.087	0.095	0.123	0.215	0.231	0.241	0.241	0.243	0.249	0.246	0.248	0.201	0.090	0.103	0.162	0.221	0.233	0.242	0.250	0.242	0.261	0.250	0.255	0.235	0.088	0.103	0.186	0.224	0.234	0.242	0.253	0.258	0.261	0.262	0.304	0.248	0.092	0.101	0.206	0.238	0.246	0.249	0.257	0.266	0.267	0.272	0.269	0.252	0.091	0.105	0.221	0.249	0.248	0.254	0.265	0.278	0.282	0.271	0.269	0.273	0.088	0.206	0.240	0.255	0.247	0.257	0.266	0.277	0.282	0.276	0.280	0.280
2:50:07	0.080	0.080	0.150	0.210	0.227	0.243	0.240	0.247	0.246	0.260	0.260	0.079	0.080	0.089	0.151	0.215	0.234	0.242	0.249	0.252	0.256	0.253	0.260	0.244	0.087	0.096	0.127	0.224	0.238	0.250	0.234	0.251	0.258	0.254	0.255	0.208	0.090	0.103	0.168	0.230	0.242	0.251	0.259	0.251	0.269	0.258	0.263	0.243	0.088	0.103	0.194	0.233	0.243	0.250	0.261	0.266	0.270	0.270	0.312	0.257	0.092	0.102	0.214	0.246	0.255	0.258	0.265	0.275	0.274	0.281	0.276	0.260	0.090	0.106	0.229	0.258	0.256	0.262	0.273	0.285	0.289	0.279	0.274	0.279	0.087	0.213	0.248	0.263	0.255	0.265	0.273	0.284	0.290	0.283	0.287	0.287
3:00:07	0.080	0.081	0.155	0.217	0.235	0.251	0.247	0.256	0.253	0.266	0.265	0.079	0.080	0.089	0.157	0.222	0.241	0.250	0.257	0.259	0.264	0.259	0.267	0.250	0.087	0.096	0.129	0.232	0.245	0.258	0.248	0.259	0.265	0.262	0.262	0.216	0.090	0.104	0.174	0.238	0.250	0.258	0.266	0.259	0.276	0.266	0.270	0.251	0.088	0.104	0.201	0.242	0.251	0.258	0.269	0.274	0.276	0.276	0.321	0.265	0.092	0.102	0.221	0.254	0.262	0.265	0.273	0.281	0.282	0.288	0.284	0.267	0.090	0.106	0.236	0.265	0.265	0.270	0.279	0.291	0.297	0.285	0.281	0.285	0.087	0.220	0.255	0.269	0.264	0.273	0.279	0.289	0.296	0.290	0.292	0.294
3:10:07	0.080	0.081	0.160	0.224	0.242	0.259	0.254	0.263	0.261	0.272	0.273	0.079	0.080	0.089	0.161	0.229	0.249	0.257	0.264	0.265	0.271	0.265	0.274	0.256	0.087	0.096	0.132	0.239	0.253	0.265	0.248	0.266	0.272	0.269	0.270	0.224	0.090	0.105	0.180	0.245	0.258	0.265	0.274	0.268	0.283	0.272	0.277	0.258	0.088	0.104	0.208	0.249	0.258	0.266	0.276	0.281	0.282	0.284	0.330	0.273	0.092	0.102	0.228	0.261	0.270	0.272	0.281	0.287	0.290	0.296	0.291	0.273	0.091	0.107	0.246	0.273	0.273	0.277	0.286	0.296	0.304	0.292	0.287	0.291	0.088	0.227	0.262	0.276	0.271	0.280	0.285	0.295	0.303	0.296	0.299	0.300
3:20:07	0.080	0.081	0.163	0.230	0.249	0.265	0.260	0.269	0.266	0.278	0.278	0.079	0.080	0.089	0.166	0.235	0.256	0.263	0.271	0.271	0.277	0.271	0.279	0.261	0.087	0.096	0.135	0.248	0.259	0.272	0.255	0.273	0.278	0.274	0.275	0.231	0.089	0.105	0.185	0.252	0.265	0.271	0.281	0.275	0.289	0.278	0.284	0.265	0.088	0.105	0.215	0.256	0.264	0.272	0.283	0.288	0.288	0.290	0.338	0.279	0.091	0.102	0.234	0.267	0.276	0.278	0.287	0.293	0.296	0.302	0.296	0.279	0.090	0.107	0.258	0.279	0.279	0.283	0.291	0.301	0.309	0.297	0.291	0.295	0.087	0.233	0.268	0.283	0.277	0.287	0.291	0.299	0.308	0.300	0.303	0.304
3:30:07	0.080	0.081	0.168	0.236	0.255	0.271	0.267	0.276	0.273	0.283	0.283	0.079	0.080	0.089	0.171	0.241	0.262	0.270	0.277	0.277	0.281	0.276	0.284	0.266	0.087	0.096	0.137	0.252	0.266	0.279	0.262	0.278	0.285	0.280	0.281	0.238	0.089	0.106	0.191	0.258	0.272	0.278	0.286	0.281	0.295	0.282	0.288	0.271	0.088	0.105	0.221	0.264	0.270	0.279	0.289	0.293	0.295	0.295	0.345	0.285	0.091	0.102	0.240	0.274	0.283	0.284	0.293	0.297	0.301	0.307	0.303	0.284	0.090	0.108	0.264	0.285	0.285	0.289	0.297	0.306	0.314	0.300	0.296	0.299	0.087	0.239	0.274	0.289	0.284	0.293	0.294	0.303	0.313	0.307	0.310	0.310
3:40:07	0.080	0.081	0.172	0.241	0.262	0.277	0.272	0.282	0.278	0.289	0.288	0.079	0.081	0.089	0.175	0.248	0.269	0.276	0.282	0.282	0.286	0.283	0.289	0.271	0.087	0.097	0.140	0.258	0.273	0.283	0.281	0.284	0.291	0.285	0.287	0.244	0.090	0.106	0.196	0.264	0.279	0.283	0.292	0.287	0.301	0.287	0.294	0.277	0.088	0.106	0.227	0.270	0.277	0.284	0.295	0.299	0.299	0.301	0.351	0.290	0.092	0.102	0.247	0.280	0.289	0.290	0.297	0.302	0.307	0.312	0.308	0.291	0.090	0.108	0.271	0.291	0.292	0.294	0.303	0.311	0.319	0.306	0.300	0.302	0.087	0.245	0.280	0.294	0.289	0.299	0.298	0.305	0.318	0.312	0.310	0.313
3:50:07	0.081	0.081	0.176	0.247	0.268	0.283	0.278	0.288	0.282	0.294	0.293	0.080	0.081	0.089	0.180	0.254	0.275	0.281	0.287	0.288	0.292	0.288	0.293	0.277	0.088	0.097	0.142	0.264	0.277	0.289	0.273	0.289	0.295	0.289	0.291	0.250	0.090	0.107	0.201	0.269	0.285	0.289	0.298	0.292	0.307	0.291	0.300	0.282	0.088	0.106	0.233	0.276	0.282	0.289	0.301	0.302	0.305	0.306	0.357	0.297	0.092	0.103	0.253	0.286	0.294	0.296	0.302	0.307	0.312	0.316	0.313	0.295	0.091	0.109	0.277	0.297	0.297	0.299	0.308	0.316	0.320	0.309	0.304	0.306	0.087	0.251	0.285	0.300	0.295	0.304	0.302	0.310	0.323	0.315	0.314	0.317
4:00:07	0.081	0.082	0.180	0.253	0.274	0.289	0.283	0.294	0.286	0.298	0.298	0.080	0.081	0.090	0.185	0.259	0.280	0.286	0.292	0.294	0.296	0.293	0.296	0.281	0.088	0.097	0.145	0.269	0.282	0.295	0.282	0.293	0.299	0.295	0.296	0.257	0.091	0.108	0.206	0.275	0.290	0.294	0.304	0.297	0.310	0.297	0.304	0.287	0.088	0.107	0.238	0.281	0.287	0.295	0.308	0.308	0.311	0.309	0.363	0.302	0.092	0.103	0.259	0.292	0.301	0.300	0.305	0.310	0.316	0.320	0.317	0.301	0.091	0.109	0.282	0.303	0.302	0.303	0.314	0.320	0.324	0.312	0.309	0.310	0.088	0.256	0.291	0.305	0.302	0.309	0.306	0.313	0.326	0.318	0.318	0.322
4:10:07	0.082	0.083	0.184	0.258	0.280	0.294	0.288	0.299	0.290	0.303	0.302	0.081	0.082	0.090	0.190	0.265	0.285	0.291	0.297	0.298	0.299	0.297	0.301	0.286	0.089	0.098	0.147	0.276	0.287	0.301	0.285	0.297	0.303	0.300	0.301	0.262	0.091	0.108	0.212	0.281	0.296	0.300	0.307	0.302	0.314	0.302	0.308	0.292	0.089	0.108	0.244	0.286	0.293	0.302	0.313	0.311	0.316	0.313	0.369	0.307	0.093	0.104	0.265	0.297	0.306	0.304	0.310	0.315	0.320	0.324	0.321	0.305	0.092	0.110	0.280	0.309	0.308	0.308	0.318	0.325	0.327	0.318	0.313	0.312	0.088	0.262	0.296	0.311	0.307	0.316	0.309	0.317	0.328	0.321	0.320	0.324
4:20:07	0.082	0.083	0.189	0.265	0.286	0.300	0.294	0.303	0.294	0.307	0.306	0.081	0.083	0.091	0.195	0.270	0.289	0.296	0.302	0.303	0.303	0.300	0.306	0.292	0.089	0.099	0.150	0.282	0.292	0.306	0.289	0.303	0.308	0.306	0.306	0.269	0.092	0.110	0.217	0.285	0.302	0.305	0.312	0.307	0.318	0.306	0.313	0.297	0.090	0.109	0.250	0.292	0.300	0.307	0.319	0.315	0.321	0.317	0.374	0.308	0.094	0.105	0.271	0.302	0.311	0.310	0.315	0.318	0.325	0.330	0.326	0.309	0.092	0.111	0.293	0.313	0.312	0.314	0.320	0.329	0.327	0.321	0.316	0.316	0.089	0.268	0.303	0.317	0.313	0.321	0.312	0.320	0.330	0.325	0.321	0.326
4:30:07	0.083	0.085	0.193	0.271	0.293	0.306	0.299	0.310	0.299	0.313	0.310	0.082	0.084	0.092	0.200	0.276	0.294	0.301	0.306	0.307	0.308	0.305	0.311	0.295	0.090	0.100	0.153	0.288	0.298	0.311	0.293	0.308	0.311	0.311	0.309	0.275	0.094	0.111	0.223	0.292	0.307	0.309	0.317	0.311	0.319	0.311	0.318	0.302	0.091	0.110	0.255	0.298	0.306	0.313	0.324	0.319	0.326	0.320	0.379	0.311	0.095	0.106	0.276	0.308	0.316	0.316	0.319	0.323	0.325	0.333	0.327	0.314	0.094	0.113	0.297	0.317	0.317	0.320	0.326	0.332	0.331	0.325	0.317	0.320	0.091	0.275	0.308	0.322	0.318	0.326	0.316	0.323	0.333	0.329	0.321	0.330
4:40:07	0.085	0.087	0.198	0.277	0.300	0.312	0.304	0.317	0.304	0.320	0.314	0.083	0.085	0.094	0.206	0.282	0.299	0.306	0.311	0.310	0.312	0.308	0.317	0.302	0.091	0.102	0.156	0.294	0.302	0.315	0.298	0.313	0.317	0.314	0.312	0.281	0.096	0.113	0.229	0.298	0.310	0.315	0.323	0.316	0.321	0.315	0.320	0.305	0.093	0.111	0.261	0.304	0.312	0.318	0.329	0.322	0.329	0.325	0.382	0.316	0.097	0.108	0.282	0.313	0.321	0.319	0.324	0.327	0.330	0.335	0.331	0.318	0.096	0.115	0.304	0.322	0.322	0.323	0.331	0.338	0.334	0.331	0.319	0.315	0.092	0.281	0.315	0.327	0.322	0.329	0.315	0.326	0.336	0.331	0.322	0.331
4:50:07	0.087	0.090	0.205	0.283	0.309	0.319	0.311	0.324	0.309	0.325	0.321	0.085	0.088	0.096	0.213	0.289	0.305	0.312	0.316	0.315	0.317	0.314	0.323	0.307	0.094	0.104	0.161	0.302	0.308	0.320	0.304	0.319	0.323	0.318	0.316	0.288	0.099	0.115	0.235	0.304	0.316	0.321	0.327	0.322	0.327	0.321	0.327	0.308	0.095	0.114	0.267	0.310	0.320	0.324	0.336	0.328	0.335	0.329	0.386	0.322	0.101	0.110	0.289	0.319	0.329	0.325	0.329	0.333	0.335	0.340	0.336	0.325	0.099	0.117	0.311	0.327	0.328	0.330	0.337	0.338	0.339	0.335	0.323	0.315	0.094	0.287	0.323	0.333	0.326	0.336	0.318	0.328	0.340	0.333	0.325	0.333
5:00:07	0.091	0.095	0.212	0.292	0.320	0.328	0.318	0.333	0.313	0.331	0.329	0.088	0.092	0.100	0.221	0.297	0.313	0.321	0.322	0.323	0.322	0.321	0.328	0.313	0.098	0.108	0.166	0.309	0.315	0.327	0.312	0.327	0.330	0.326	0.323	0.297	0.105	0.120	0.243	0.313	0.322	0.330	0.333	0.329	0.331	0.329	0.334	0.318	0.100	0.118	0.274	0.316	0.327	0.332	0.343	0.335	0.340	0.336	0.390	0.328	0.106	0.115	0.297	0.327	0.335	0.332	0.333	0.337	0.342	0.347	0.342	0.331	0.104	0.121	0.314	0.334	0.336	0.338	0.344	0.345	0.344	0.341	0.330	0.319	0.098	0.296	0.332	0.339	0.332	0.343	0.318	0.331	0.339	0.338	0.326	0.336
5:10:07	0.096	0.102	0.221	0.301	0.333	0.336	0.326	0.343	0.321	0.337	0.337	0.092	0.097	0.106	0.231	0.307	0.321	0.331	0.328	0.331	0.328	0.330	0.336	0.320	0.103	0.113	0.173	0.319	0.323	0.334	0.320	0.333	0.338	0.333	0.330	0.305	0.111	0.125	0.253	0.320	0.331	0.336	0.341	0.335	0.337	0.334	0.340	0.325	0.105	0.123	0.282	0.325	0.337	0.339	0.351	0.343	0.345	0.344	0.393	0.337	0.113	0.121	0.306	0.333	0.344	0.340	0.342	0.346	0.350	0.352	0.349	0.340	0.111	0.127	0.320	0.341	0.345	0.345	0.354	0.352	0.351	0.349	0.334	0.326	0.104	0.306	0.343	0.345	0.339	0.351	0.315	0.334	0.342	0.337	0.326	0.338
5:20:07	0.102	0.111	0.232	0.312	0.348	0.348	0.337	0.356	0.331	0.348	0.347	0.097	0.106	0.114	0.244	0.320	0.332	0.343	0.337	0.341	0.336	0.339	0.345	0.329	0.110	0.120	0.183	0.330	0.335	0.345	0.330	0.342	0.348	0.342	0.340	0.316	0.119	0.133	0.266	0.330	0.340	0.346	0.349	0.345	0.345	0.345	0.349	0.337	0.113	0.131	0.294	0.336	0.347	0.345	0.360	0.353	0.355	0.354	0.398	0.348	0.122	0.130	0.318	0.343	0.355	0.350	0.353	0.355	0.359	0.362	0.359	0.349	0.121	0.135	0.337	0.351	0.357	0.356	0.364	0.364	0.361	0.357	0.344	0.334	0.112	0.318	0.355	0.355	0.351	0.361	0.316	0.335	0.344	0.340	0.328	0.342
5:30:07	0.112	0.124	0.244	0.326	0.365	0.364	0.349	0.371	0.343	0.360	0.359	0.105	0.117	0.123	0.258	0.335	0.342	0.360	0.346	0.352	0.349	0.352	0.355	0.341	0.119	0.130	0.195	0.345	0.349	0.357	0.354	0.352	0.362	0.353	0.351	0.329	0.130	0.144	0.280	0.343	0.353	0.355	0.360	0.355	0.354	0.357	0.361	0.351	0.122	0.141	0.307	0.349	0.360	0.359	0.370	0.366	0.364	0.365	0.403	0.359	0.135	0.142	0.333	0.355	0.368	0.364	0.364	0.366	0.370	0.373	0.367	0.361	0.132	0.145	0.350	0.363	0.369	0.370	0.376	0.376	0.369	0.367	0.353	0.344	0.122	0.334	0.371	0.368	0.364	0.373	0.316	0.336	0.344	0.339	0.332	0.343
5:40:07	0.126	0.133	0.261	0.339	0.385	0.381	0.363	0.385	0.352	0.371	0.374	0.116	0.127	0.136	0.275	0.349	0.355	0.375	0.359	0.363	0.361	0.364	0.370	0.353	0.131	0.139	0.206	0.357	0.361	0.369	0.351	0.366	0.376	0.363	0.359	0.343	0.143	0.153	0.295	0.356	0.362	0.366	0.372	0.369	0.366	0.371	0.369	0.362	0.134	0.151	0.321	0.364	0.373	0.372	0.381	0.379	0.376	0.374	0.412	0.372	0.145	0.155	0.346	0.371	0.382	0.380	0.377	0.379	0.384	0.384	0.378	0.374	0.146	0.158	0.357	0.376	0.386	0.385	0.388	0.392	0.384	0.376	0.366	0.355	0.132	0.350	0.384	0.380	0.374	0.386	0.316	0.339	0.348	0.343	0.332	0.345
5:50:07	0.141	0.149	0.279	0.356	0.409	0.402	0.378	0.404	0.368	0.385	0.391	0.129	0.140	0.151	0.299	0.367	0.370	0.391	0.373	0.374	0.376	0.378	0.384	0.368	0.145	0.152	0.222	0.375	0.376	0.384	0.364	0.378	0.393	0.380	0.376	0.357	0.158	0.166	0.314	0.371	0.375	0.380	0.387	0.383	0.379	0.388	0.384	0.375	0.145	0.164	0.336	0.379	0.390	0.386	0.397	0.390	0.383	0.388	0.421	0.385	0.160	0.172	0.362	0.384	0.396	0.397	0.393	0.394	0.400	0.398	0.388	0.386	0.161	0.173	0.372	0.392	0.399	0.404	0.402	0.412	0.401	0.387	0.379	0.368	0.143	0.368	0.401	0.394	0.387	0.400	0.320	0.338	0.350	0.345	0.332	0.339
6:00:07	0.158	0.171	0.298	0.375	0.436	0.424	0.396	0.422	0.385	0.399	0.410	0.141	0.155	0.169	0.328	0.385	0.383	0.413	0.389	0.389	0.391	0.397	0.399	0.385	0.162	0.166	0.241	0.392	0.395	0.402	0.379	0.393	0.411	0.397	0.392	0.376	0.176	0.181	0.337	0.389	0.391	0.397	0.403	0.402	0.394	0.406	0.399	0.393	0.160	0.179	0.355	0.396	0.406	0.403	0.413	0.409	0.395	0.404	0.432	0.398	0.179	0.193	0.382	0.401	0.412	0.417	0.411	0.414	0.418	0.415	0.405	0.402	0.183	0.191	0.390	0.409	0.415	0.425	0.422	0.436	0.414	0.400	0.389	0.382	0.158	0.392	0.421	0.412	0.405	0.419	0.319	0.339	0.352	0.346	0.331	0.341
6:10:07	0.180	0.195	0.316	0.395	0.464	0.446	0.413	0.446	0.403	0.413	0.429	0.160	0.177	0.191	0.360	0.406	0.397	0.439	0.410	0.409	0.408	0.415	0.417	0.405	0.183	0.185	0.263	0.413	0.417	0.424	0.398	0.411	0.434	0.417	0.409	0.400	0.199	0.201	0.360	0.410	0.406	0.418	0.426	0.427	0.413	0.428	0.419	0.416	0.181	0.199	0.380	0.414	0.430	0.426	0.434	0.428	0.415	0.423	0.450	0.418	0.202	0.214	0.406	0.422	0.432	0.444	0.432	0.441	0.441	0.436	0.425	0.420	0.206	0.212	0.413	0.429	0.436	0.450	0.445	0.467	0.431	0.418	0.410	0.401	0.177	0.423	0.445	0.435	0.428	0.441	0.322	0.338	0.350	0.347	0.331	0.341
6:20:07	0.205	0.220	0.337	0.419	0.498	0.477	0.436	0.469	0.426	0.433	0.453	0.175	0.197	0.215	0.389	0.430	0.415	0.463	0.428	0.431	0.430	0.440	0.440	0.425	0.204	0.204	0.291	0.440	0.441	0.447	0.419	0.432	0.461	0.439	0.434	0.422	0.220	0.223	0.389	0.437	0.425	0.437	0.446	0.449	0.432	0.455	0.439	0.441	0.202	0.221	0.404	0.441	0.455	0.451	0.451	0.451	0.439	0.439	0.468	0.439	0.227	0.237	0.434	0.448	0.452	0.470	0.457	0.468	0.464	0.457	0.447	0.442	0.235	0.241	0.435	0.453	0.457	0.476	0.475	0.498	0.458	0.435	0.435	0.420	0.199	0.450	0.470	0.464	0.453	0.465	0.324	0.340	0.352	0.350	0.328	0.343
6:30:07	0.235	0.248	0.390	0.461	0.548	0.520	0.465	0.497	0.448	0.457	0.481	0.204	0.224	0.243	0.438	0.461	0.452	0.494	0.456	0.465	0.466	0.462	0.466	0.450	0.241	0.232	0.324	0.474	0.475	0.479	0.453	0.459	0.493	0.464	0.461	0.449	0.248	0.250	0.444	0.471	0.458	0.461	0.469	0.476	0.454	0.486	0.464	0.469	0.228	0.247	0.435	0.472	0.484	0.479	0.478	0.483	0.463	0.458	0.492	0.462	0.268	0.278	0.472	0.476	0.484	0.505	0.485	0.498	0.491	0.488	0.480	0.464	0.270	0.279	0.473	0.485	0.490	0.504	0.511	0.531	0.486	0.458	0.456	0.440	0.226	0.487	0.500	0.501	0.483	0.492	0.323	0.341	0.354	0.352	0.330	0.345
6:40:07	0.258	0.274	0.409	0.482	0.581	0.538	0.501	0.532	0.480	0.476	0.522	0.230	0.249	0.275	0.459	0.491	0.472	0.533	0.491	0.491	0.495	0.489	0.490	0.486	0.269	0.270	0.355	0.506	0.508	0.510	0.475	0.487	0.535	0.495	0.486	0.491	0.295	0.289	0.462	0.500	0.485	0.499	0.500	0.517	0.485	0.523	0.487	0.501	0.256	0.290	0.478	0.516	0.521	0.513	0.517	0.518	0.496	0.484	0.528	0.489	0.297	0.310	0.506	0.505	0.507	0.535	0.515	0.528	0.534	0.526	0.521	0.493	0.318	0.314	0.503	0.523	0.524	0.545	0.548	0.583	0.511	0.516	0.496	0.478	0.260	0.543	0.566	0.534	0.511	0.516	0.324	0.343	0.356	0.354	0.333	0.347
6:50:07	0.292	0.308	0.442	0.509	0.616	0.582	0.534	0.558	0.496	0.505	0.559	0.260	0.272	0.314	0.488	0.524	0.500	0.552	0.512	0.518	0.532	0.530	0.527	0.524	0.293	0.291	0.386	0.538	0.550	0.548	0.498	0.524	0.577	0.519	0.518	0.510	0.318	0.315	0.499	0.536	0.509	0.516	0.524	0.552	0.513	0.560	0.527	0.531	0.269	0.308	0.506	0.542	0.552	0.539	0.531	0.535	0.517	0.509	0.569	0.516	0.322	0.339	0.538	0.540	0.535	0.563	0.541	0.555	0.563	0.563	0.544	0.536	0.355	0.343	0.532	0.549	0.554	0.587	0.589	0.625	0.554	0.543	0.515	0.508	0.306	0.581	0.595	0.555	0.544	0.544	0.324	0.344	0.358	0.351	0.329	0.348
7:00:07	0.328	0.335	0.468	0.531	0.658	0.608	0.579	0.585	0.525	0.537	0.595	0.292	0.293	0.359	0.517	0.556	0.540	0.587	0.546	0.550	0.557	0.573	0.558	0.571	0.307	0.318	0.414	0.577	0.589	0.599	0.523	0.564	0.614	0.562	0.560	0.544	0.361	0.344	0.527	0.566	0.544	0.547	0.561	0.592	0.545	0.608	0.556	0.563	0.295	0.339	0.547	0.596	0.586	0.575	0.559	0.567	0.547	0.539	0.608	0.541	0.370	0.386	0.575	0.573	0.570	0.601	0.576	0.582	0.597	0.598	0.589	0.567	0.404	0.381	0.566	0.591	0.586	0.616	0.634	0.675	0.589	0.584	0.554	0.551	0.343	0.623	0.642	0.590	0.582	0.571	0.326	0.343	0.361	0.354	0.325	0.350
7:10:07	0.352	0.364	0.501	0.559	0.692	0.656	0.622	0.617	0.553	0.565	0.624	0.323	0.319	0.394	0.542	0.587	0.572	0.624	0.572	0.592	0.597	0.602	0.588	0.608	0.343	0.351	0.443	0.613	0.635	0.649	0.554	0.597	0.653	0.594	0.594	0.575	0.407	0.371	0.559	0.600	0.577	0.577	0.594	0.626	0.579	0.650	0.592	0.597	0.313	0.367	0.583	0.641	0.616	0.605	0.588	0.603	0.582	0.569	0.654	0.566	0.385	0.415	0.608	0.604	0.608	0.636	0.606	0.607	0.638	0.634	0.627	0.600	0.446	0.414	0.599	0.624	0.622	0.647	0.672	0.724	0.618	0.624	0.594	0.597	0.380	0.666	0.680	0.634	0.622	0.603	0.326	0.345	0.361	0.351	0.325	0.346
7:20:07	0.377	0.386	0.524	0.595	0.723	0.683	0.661	0.646	0.597	0.601	0.656	0.347	0.348	0.416	0.555	0.616	0.602	0.650	0.604	0.629	0.619	0.637	0.633	0.660	0.384	0.373	0.473	0.638	0.673	0.697	0.581	0.627	0.691	0.640	0.637	0.603	0.433	0.404	0.591	0.637	0.607	0.614	0.630	0.668	0.609	0.691	0.628	0.628	0.342	0.403	0.618	0.679	0.640	0.631	0.615	0.638	0.603	0.598	0.707	0.596	0.405	0.455	0.636	0.634	0.647	0.673	0.638	0.636	0.673	0.669	0.661	0.631	0.477	0.467	0.626	0.663	0.660	0.683	0.719	0.760	0.660	0.669	0.620	0.670	0.405	0.711	0.727	0.668	0.655	0.633	0.323	0.340	0.363	0.353	0.322	0.339
7:30:07	0.409	0.403	0.550	0.621	0.748	0.707	0.688	0.678	0.628	0.630	0.683	0.369	0.379	0.448	0.592	0.644	0.633	0.677	0.634	0.663	0.654	0.670	0.669	0.700	0.407	0.407	0.507	0.683	0.711	0.734	0.599	0.659	0.727	0.671	0.688	0.621	0.477	0.429	0.625	0.673	0.631	0.633	0.659	0.702	0.640	0.724	0.654	0.650	0.364	0.428	0.652	0.721	0.663	0.656	0.637	0.661	0.624	0.621	0.755	0.624	0.434	0.487	0.657	0.659	0.678	0.710	0.672	0.661	0.706	0.704	0.690	0.664	0.501	0.501	0.655	0.691	0.697	0.723	0.760	0.792	0.695	0.702	0.638	0.725	0.439	0.749	0.777	0.707	0.684	0.654	0.323	0.341	0.362	0.354	0.326	0.338
7:40:07	0.445	0.412	0.576	0.641	0.758	0.714	0.706	0.702	0.653	0.653	0.711	0.392	0.389	0.479	0.644	0.673	0.647	0.706	0.660	0.692	0.688	0.697	0.710	0.740	0.441	0.429	0.535	0.716	0.745	0.768	0.620	0.685	0.761	0.711	0.732	0.649	0.516	0.451	0.650	0.696	0.652	0.649	0.681	0.740	0.674	0.769	0.670	0.682	0.379	0.455	0.681	0.749	0.678	0.676	0.660	0.693	0.650	0.646	0.810	0.654	0.451	0.514	0.690	0.675	0.707	0.740	0.704	0.693	0.727	0.729	0.724	0.701	0.528	0.541	0.680	0.719	0.735	0.752	0.805	0.830	0.736	0.719	0.672	0.795	0.472	0.782	0.815	0.741	0.713	0.678	0.325	0.337	0.364	0.355	0.327	0.339
7:50:07	0.460	0.457	0.597	0.665	0.764	0.734	0.726	0.718	0.677	0.673	0.744	0.417	0.406	0.504	0.682	0.693	0.667	0.736	0.684	0.719	0.714	0.727	0.736	0.762	0.455	0.454	0.556	0.727	0.764	0.797	0.643	0.713	0.798	0.745	0.766	0.677	0.540	0.467	0.665	0.725	0.669	0.680	0.710	0.774	0.694	0.796	0.684	0.713	0.392	0.489	0.706	0.775	0.697	0.698	0.688	0.716	0.671	0.667	0.900	0.681	0.471	0.529	0.725	0.691	0.731	0.757	0.740	0.713	0.752	0.751	0.753	0.733	0.560	0.569	0.712	0.747	0.778	0.769	0.841	0.861	0.766	0.741	0.709	0.722	0.508	0.802	0.835	0.773	0.738	0.693	0.323	0.337	0.361	0.358	0.325	0.340
8:00:07	0.491	0.445	0.614	0.690	0.781	0.769	0.749	0.740	0.696	0.702	0.773	0.441	0.428	0.528	0.705	0.710	0.693	0.761	0.706	0.755	0.752	0.749	0.770	0.778	0.476	0.480	0.578	0.772	0.785	0.823	0.664	0.736	0.809	0.774	0.794	0.704	0.563	0.489	0.683	0.761	0.683	0.696	0.725	0.808	0.712	0.824	0.693	0.736	0.412	0.515	0.737	0.830	0.712	0.706	0.705	0.737	0.689	0.686	0.905	0.711	0.490	0.553	0.757	0.718	0.759	0.767	0.758	0.739	0.773	0.774	0.782	0.747	0.575	0.600	0.740	0.778	0.803	0.785	0.869	0.878	0.804	0.769	0.736	0.771	0.547	0.822	0.853	0.809	0.766	0.720	0.324	0.339	0.363	0.357	0.328	0.341
8:10:07	0.496	0.481	0.635	0.708	0.793	0.803	0.771	0.760	0.717	0.714	0.808	0.464	0.471	0.560	0.745	0.736	0.718	0.784	0.713	0.781	0.781	0.764	0.792	0.798	0.503	0.494	0.597	0.791	0.797	0.839	0.680	0.750	0.826	0.789	0.820	0.727	0.593	0.514	0.711	0.784	0.699	0.713	0.732	0.809	0.721	0.836	0.717	0.750	0.438	0.544	0.766	0.848	0.717	0.721	0.716	0.758	0.714	0.705	0.972	0.738	0.525	0.579	0.790	0.738	0.773	0.775	0.775	0.757	0.795	0.791	0.804	0.762	0.596	0.629	0.758	0.808	0.834	0.794	0.877	0.885	0.837	0.782	0.767	0.802	0.578	0.856	0.872	0.886	0.774	0.744	0.325	0.338	0.364	0.357	0.328	0.339
8:20:07	0.498	0.496	0.668	0.734	0.806	0.827	0.782	0.777	0.744	0.719	0.812	0.474	0.505	0.582	0.774	0.765	0.745	0.780	0.729	0.789	0.806	0.780	0.812	0.811	0.534	0.528	0.622	0.838	0.805	0.855	0.696	0.758	0.839	0.805	0.841	0.743	0.613	0.542	0.746	0.796	0.719	0.728	0.735	0.826	0.736	0.840	0.730	0.765	0.473	0.577	0.788	0.860	0.722	0.741	0.757	0.773	0.730	0.726	1.035	0.783	0.555	0.608	0.812	0.757	0.784	0.783	0.788	0.766	0.803	0.792	0.815	0.782	0.614	0.653	0.781	0.832	0.859	0.798	0.888	0.879	0.855	0.793	0.797	0.842	0.606	0.890	0.875	0.896	0.770	0.752	0.324	0.339	0.363	0.357	0.333	0.334
8:30:07	0.493	0.495	0.693	0.750	0.814	0.830	0.794	0.789	0.768	0.721	0.809	0.482	0.530	0.588	0.773	0.781	0.766	0.792	0.745	0.794	0.821	0.783	0.821	0.814	0.562	0.564	0.638	0.848	0.800	0.863	0.710	0.769	0.838	0.816	0.848	0.761	0.617	0.569	0.770	0.797	0.735	0.740	0.735	0.818	0.751	0.847	0.731	0.781	0.512	0.593	0.810	0.863	0.724	0.747	0.744	0.785	0.740	0.746	1.117	0.846	0.583	0.640	0.826	0.765	0.785	0.794	0.796	0.767	0.805	0.792	0.830	0.821	0.622	0.671	0.806	0.836	0.855	0.793	0.885	0.874	0.867	0.820	0.818	0.910	0.621	0.900	0.876	0.902	0.778	0.768	0.327	0.341	0.362	0.356	0.327	0.335
8:40:07	0.491	0.454	0.705	0.755	0.805	0.827	0.796	0.798	0.788	0.728	0.800	0.489	0.544	0.588	0.775	0.796	0.783	0.789	0.754	0.795	0.825	0.783	0.825	0.812	0.582	0.583	0.643	0.862	0.791	0.864	0.721	0.778	0.821	0.825	0.850	0.784	0.618	0.581	0.789	0.804	0.746	0.745	0.734	0.813	0.753	0.832	0.736	0.805	0.540	0.591	0.819	0.867	0.724	0.746	0.759	0.795	0.747	0.760	0.725	0.898	0.605	0.661	0.826	0.771	0.777	0.789	0.793	0.767	0.810	0.796	0.854	0.853	0.635	0.697	0.823	0.828	0.852	0.791	0.881	0.861	0.874	0.856	0.861	0.943	0.630	0.893	0.873	0.897	0.780	0.778	0.320	0.344	0.362	0.359	0.334	0.340
8:50:07	0.487	0.462	0.710	0.756	0.797	0.814	0.783	0.796	0.794	0.726	0.792	0.493	0.551	0.583	0.779	0.796	0.797	0.791	0.759	0.792	0.828	0.774	0.823	0.819	0.583	0.594	0.647	0.867	0.775	0.863	0.733	0.783	0.807	0.824	0.848	0.811	0.626	0.581	0.799	0.801	0.755	0.754	0.732	0.810	0.754	0.816	0.743	0.834	0.558	0.571	0.825	0.865	0.723	0.735	0.765	0.804	0.755	0.773	0.734	0.932	0.623	0.673	0.822	0.771	0.775	0.787	0.796	0.768	0.812	0.813	0.882	0.885	0.633	0.698	0.842	0.812	0.849	0.785	0.870	0.866	0.873	0.894	0.877	0.931	0.633	0.886	0.871	0.865	0.777	0.779	0.322	0.345	0.363	0.358	0.332	0.342
9:00:07	0.486	0.476	0.709	0.757	0.788	0.791	0.776	0.791	0.798	0.727	0.782	0.504	0.556	0.582	0.782	0.802	0.804	0.781	0.750	0.782	0.825	0.765	0.829	0.860	0.585	0.595	0.648	0.868	0.755	0.862	0.749	0.787	0.803	0.822	0.843	0.832	0.616	0.574	0.805	0.801	0.758	0.757	0.733	0.804	0.750	0.803	0.759	0.870	0.557	0.530	0.826	0.863	0.717	0.734	0.773	0.803	0.761	0.794	0.743	0.936	0.636	0.689	0.816	0.757	0.764	0.775	0.802	0.762	0.815	0.846	0.914	0.915	0.630	0.697	0.858	0.793	0.846	0.770	0.858	0.876	0.881	0.912	0.872	0.932	0.645	0.881	0.869	0.859	0.770	0.780	0.323	0.339	0.357	0.361	0.331	0.341
9:10:07	0.488	0.485	0.701	0.753	0.780	0.779	0.772	0.791	0.797	0.733	0.774	0.535	0.556	0.587	0.785	0.803	0.807	0.777	0.748	0.772	0.820	0.759	0.838	0.929	0.589	0.590	0.653	0.872	0.733	0.859	0.767	0.788	0.799	0.815	0.847	0.852	0.612	0.555	0.806	0.799	0.764	0.766	0.739	0.799	0.748	0.795	0.785	0.901	0.551	0.512	0.825	0.858	0.713	0.733	0.783	0.801	0.766	0.816	0.772	0.936	0.641	0.692	0.794	0.756	0.758	0.770	0.806	0.757	0.781	0.881	0.948	0.935	0.630	0.691	0.867	0.781	0.840	0.765	0.849	0.894	0.880	0.907	0.873	0.919	0.641	0.853	0.865	0.839	0.762	0.775	0.321	0.339	0.361	0.358	0.331	0.343
9:20:07	0.493	0.489	0.692	0.751	0.773	0.770	0.771	0.782	0.802	0.737	0.769	0.561	0.558	0.584	0.776	0.802	0.812	0.779	0.747	0.761	0.800	0.787	0.861	0.976	0.591	0.587	0.656	0.871	0.718	0.855	0.786	0.789	0.800	0.810	0.868	0.870	0.592	0.539	0.792	0.790	0.767	0.776	0.747	0.794	0.752	0.814	0.812	0.921	0.546	0.506	0.820	0.857	0.713	0.735	0.789	0.805	0.775	0.839	0.789	0.940	0.639	0.708	0.779	0.749	0.762	0.765	0.813	0.759	0.791	0.893	0.965	0.941	0.627	0.693	0.874	0.777	0.829	0.765	0.840	0.908	0.883	0.901	0.869	0.917	0.649	0.831	0.858	0.823	0.761	0.774	0.322	0.340	0.362	0.352	0.337	0.348
9:30:07	0.496	0.492	0.688	0.748	0.767	0.766	0.777	0.771	0.804	0.752	0.763	0.580	0.557	0.571	0.759	0.785	0.818	0.780	0.746	0.752	0.790	0.814	0.890	0.994	0.592	0.578	0.657	0.875	0.707	0.851	0.800	0.781	0.803	0.799	0.893	0.881	0.575	0.528	0.780	0.785	0.768	0.788	0.755	0.790	0.756	0.837	0.836	0.930	0.533	0.502	0.810	0.860	0.715	0.738	0.797	0.805	0.785	0.853	0.815	0.945	0.629	0.672	0.769	0.744	0.748	0.761	0.822	0.764	0.801	0.908	0.963	0.937	0.623	0.689	0.878	0.773	0.811	0.763	0.834	0.918	0.893	0.898	0.875	0.911	0.654	0.823	0.847	0.812	0.759	0.776	0.323	0.342	0.362	0.349	0.327	0.334
9:40:07	0.501	0.491	0.680	0.743	0.760	0.763	0.781	0.761	0.793	0.773	0.762	0.595	0.558	0.566	0.743	0.771	0.823	0.784	0.748	0.746	0.786	0.844	0.905	1.000	0.593	0.563	0.652	0.868	0.703	0.848	0.810	0.773	0.812	0.796	0.915	0.883	0.565	0.523	0.760	0.784	0.773	0.801	0.769	0.789	0.763	0.857	0.861	0.930	0.528	0.508	0.798	0.861	0.718	0.739	0.799	0.805	0.798	0.869	0.840	0.932	0.596	0.653	0.770	0.744	0.748	0.759	0.832	0.775	0.814	0.921	0.959	0.940	0.616	0.683	0.880	0.771	0.803	0.764	0.830	0.924	0.910	0.894	0.878	0.906	0.656	0.811	0.828	0.805	0.762	0.781	0.324	0.341	0.358	0.348	0.329	0.332
9:50:07	0.502	0.499	0.676	0.741	0.755	0.762	0.784	0.755	0.782	0.790	0.767	0.606	0.553	0.564	0.738	0.760	0.824	0.788	0.751	0.743	0.780	0.867	0.926	0.996	0.598	0.542	0.646	0.863	0.749	0.842	0.824	0.768	0.822	0.799	0.928	0.884	0.559	0.521	0.764	0.785	0.777	0.815	0.787	0.791	0.768	0.875	0.878	0.933	0.526	0.501	0.784	0.864	0.719	0.742	0.809	0.810	0.813	0.880	0.860	0.918	0.573	0.624	0.764	0.746	0.750	0.760	0.841	0.786	0.833	0.933	0.952	0.936	0.607	0.683	0.883	0.772	0.801	0.767	0.829	0.926	0.928	0.888	0.885	0.902	0.657	0.808	0.814	0.803	0.764	0.786	0.326	0.338	0.360	0.348	0.325	0.331
10:00:07	0.510	0.500	0.673	0.733	0.746	0.764	0.787	0.752	0.778	0.805	0.774	0.612	0.543	0.565	0.736	0.755	0.823	0.793	0.753	0.742	0.777	0.884	0.940	1.003	0.605	0.530	0.644	0.860	0.698	0.837	0.836	0.761	0.835	0.806	0.940	0.891	0.558	0.519	0.750	0.786	0.783	0.827	0.810	0.795	0.777	0.887	0.889	0.929	0.527	0.506	0.768	0.864	0.723	0.747	0.815	0.815	0.825	0.886	0.898	0.902	0.560	0.606	0.765	0.745	0.756	0.762	0.851	0.797	0.850	0.941	0.936	0.919	0.606	0.680	0.883	0.774	0.799	0.770	0.830	0.927	0.952	0.881	0.889	0.897	0.656	0.809	0.805	0.802	0.769	0.791	0.326	0.340	0.361	0.349	0.329	0.335
10:10:07	0.512	0.508	0.674	0.728	0.744	0.764	0.791	0.748	0.776	0.823	0.790	0.614	0.533	0.566	0.734	0.753	0.821	0.797	0.756	0.746	0.779	0.894	0.948	1.000	0.592	0.524	0.645	0.858	0.697	0.829	0.850	0.756	0.850	0.816	0.941	0.887	0.559	0.521	0.748	0.787	0.786	0.841	0.833	0.798	0.791	0.892	0.891	0.925	0.529	0.503	0.750	0.870	0.730	0.747	0.823	0.823	0.843	0.887	0.925	0.892	0.552	0.595	0.809	0.749	0.761	0.767	0.866	0.812	0.869	0.949	0.926	0.908	0.625	0.670	0.883	0.776	0.801	0.775	0.830	0.932	0.970	0.873	0.895	0.895	0.654	0.812	0.801	0.804	0.774	0.797	0.328	0.338	0.353	0.352	0.328	0.335
10:20:07	0.519	0.508	0.674	0.721	0.738	0.768	0.793	0.750	0.776	0.840	0.809	0.616	0.525	0.568	0.734	0.750	0.818	0.803	0.763	0.747	0.780	0.900	0.955	0.982	0.589	0.520	0.649	0.850	0.700	0.820	0.866	0.751	0.863	0.827	0.944	0.883	0.557	0.523	0.747	0.790	0.788	0.851	0.856	0.805	0.807	0.896	0.893	0.908	0.532	0.502	0.742	0.865	0.735	0.752	0.830	0.830	0.855	0.880	0.927	0.882	0.547	0.592	0.767	0.751	0.761	0.773	0.878	0.831	0.887	0.950	0.921	0.892	0.628	0.659	0.881	0.780	0.803	0.781	0.837	0.936	0.983	0.870	0.897	0.889	0.650	0.816	0.800	0.805	0.776	0.803	0.328	0.338	0.355	0.351	0.332	0.340
10:30:07	0.519	0.513	0.675	0.718	0.738	0.770	0.797	0.753	0.778	0.856	0.833	0.617	0.519	0.570	0.736	0.752	0.820	0.804	0.768	0.752	0.784	0.907	0.963	0.968	0.587	0.518	0.653	0.845	0.702	0.812	0.882	0.750	0.881	0.843	0.941	0.883	0.559	0.526	0.749	0.792	0.791	0.863	0.878	0.812	0.825	0.897	0.882	0.896	0.535	0.505	0.739	0.857	0.739	0.757	0.841	0.837	0.875	0.878	0.920	0.874	0.542	0.581	0.778	0.753	0.759	0.775	0.893	0.850	0.903	0.949	0.921	0.880	0.631	0.653	0.878	0.781	0.807	0.786	0.835	0.941	0.985	0.869	0.900	0.888	0.643	0.818	0.801	0.807	0.781	0.808	0.323	0.339	0.356	0.347	0.335	0.343
10:40:07	0.523	0.512	0.676	0.718	0.740	0.774	0.797	0.753	0.782	0.868	0.857	0.614	0.518	0.572	0.738	0.752	0.817	0.804	0.777	0.759	0.789	0.915	0.965	0.957	0.582	0.517	0.657	0.832	0.704	0.803	0.893	0.751	0.903	0.859	0.938	0.885	0.560	0.527	0.750	0.795	0.793	0.877	0.897	0.820	0.846	0.877	0.879	0.885	0.537	0.507	0.737	0.854	0.743	0.761	0.854	0.848	0.887	0.875	0.927	0.866	0.541	0.581	0.770	0.757	0.765	0.781	0.907	0.873	0.912	0.944	0.917	0.868	0.601	0.647	0.875	0.784	0.811	0.790	0.840	0.946	0.987	0.869	0.903	0.887	0.636	0.822	0.803	0.809	0.783	0.815	0.320	0.341	0.349	0.351	0.336	0.341
10:50:07	0.529	0.512	0.679	0.719	0.742	0.779	0.800	0.761	0.784	0.878	0.883	0.610	0.517	0.575	0.742	0.751	0.816	0.805	0.785	0.763	0.794	0.915	0.968	0.946	0.579	0.517	0.657	0.826	0.706	0.799	0.907	0.749	0.927	0.877	0.937	0.886	0.561	0.529	0.761	0.795	0.793	0.891	0.912	0.829	0.869	0.863	0.881	0.881	0.539	0.509	0.738	0.848	0.746	0.767	0.871	0.860	0.900	0.875	0.939	0.862	0.541	0.577	0.772	0.760	0.768	0.786	0.919	0.900	0.920	0.944	0.918	0.862	0.583	0.642	0.866	0.787	0.816	0.792	0.848	0.949	0.986	0.872	0.902	0.890	0.632	0.824	0.803	0.812	0.780	0.814	0.324	0.341	0.349	0.351	0.338	0.344
11:00:07	0.528	0.509	0.680	0.719	0.744	0.783	0.804	0.771	0.785	0.889	0.904	0.603	0.517	0.576	0.746	0.751	0.814	0.800	0.794	0.768	0.801	0.918	0.964	0.942	0.578	0.518	0.658	0.815	0.709	0.794	0.917	0.750	0.954	0.894	0.936	0.885	0.562	0.529	0.756	0.797	0.796	0.906	0.928	0.841	0.895	0.851	0.881	0.876	0.541	0.510	0.740	0.846	0.751	0.773	0.894	0.876	0.914	0.876	0.943	0.854	0.539	0.577	0.773	0.760	0.768	0.791	0.934	0.931	0.933	0.945	0.921	0.855	0.571	0.638	0.862	0.790	0.819	0.796	0.860	0.952	0.984	0.873	0.899	0.891	0.619	0.826	0.804	0.812	0.783	0.818	0.325	0.342	0.350	0.351	0.340	0.344
11:10:07	0.527	0.519	0.682	0.719	0.747	0.789	0.806	0.782	0.795	0.901	0.928	0.597	0.518	0.578	0.750	0.750	0.809	0.801	0.805	0.771	0.812	0.920	0.966	0.936	0.576	0.519	0.660	0.818	0.711	0.789	0.927	0.751	0.978	0.911	0.934	0.890	0.563	0.529	0.757	0.798	0.799	0.921	0.941	0.853	0.921	0.845	0.884	0.874	0.542	0.512	0.743	0.844	0.756	0.776	0.917	0.889	0.928	0.875	0.938	0.852	0.539	0.578	0.776	0.759	0.772	0.796	0.949	0.961	0.947	0.951	0.923	0.850	0.564	0.636	0.858	0.794	0.823	0.801	0.869	0.955	0.988	0.873	0.913	0.893	0.610	0.829	0.805	0.813	0.784	0.823	0.326	0.344	0.352	0.349	0.342	0.343
11:20:07	0.529	0.520	0.684	0.720	0.750	0.796	0.811	0.796	0.807	0.911	0.950	0.593	0.518	0.580	0.753	0.751	0.809	0.803	0.818	0.778	0.831	0.923	0.969	0.937	0.574	0.520	0.662	0.814	0.711	0.783	0.940	0.756	1.000	0.928	0.933	0.895	0.564	0.530	0.759	0.799	0.803	0.938	0.958	0.873	0.950	0.839	0.887	0.872	0.544	0.514	0.744	0.844	0.758	0.784	0.943	0.912	0.943	0.877	0.929	0.848	0.539	0.577	0.772	0.761	0.775	0.804	0.964	0.987	0.962	0.957	0.923	0.847	0.560	0.634	0.853	0.799	0.822	0.805	0.882	0.956	0.992	0.875	0.915	0.895	0.604	0.831	0.804	0.815	0.787	0.830	0.328	0.346	0.353	0.350	0.344	0.344
11:30:07	0.531	0.515	0.686	0.722	0.751	0.798	0.813	0.818	0.827	0.921	0.969	0.588	0.518	0.580	0.756	0.753	0.809	0.800	0.833	0.789	0.855	0.928	0.969	0.937	0.573	0.520	0.663	0.813	0.711	0.775	0.951	0.760	1.021	0.944	0.931	0.897	0.565	0.530	0.762	0.802	0.806	0.954	0.971	0.894	0.973	0.836	0.889	0.872	0.545	0.515	0.745	0.843	0.761	0.792	0.970	0.935	0.956	0.878	0.922	0.849	0.539	0.578	0.773	0.762	0.781	0.813	0.981	1.010	0.972	0.970	0.922	0.845	0.556	0.633	0.851	0.799	0.825	0.810	0.897	0.958	0.999	0.879	0.933	0.898	0.600	0.832	0.802	0.819	0.792	0.838	0.326	0.347	0.354	0.351	0.346	0.346
11:40:07	0.535	0.511	0.688	0.724	0.753	0.803	0.817	0.843	0.850	0.930	0.984	0.587	0.523	0.581	0.759	0.753	0.810	0.801	0.848	0.805	0.889	0.936	0.974	0.939	0.572	0.522	0.664	0.811	0.713	0.773	0.963	0.769	1.041	0.957	0.932	0.901	0.567	0.529	0.765	0.804	0.807	0.969	0.987	0.916	0.995	0.834	0.889	0.873	0.547	0.516	0.746	0.842	0.762	0.801	0.992	0.960	0.968	0.879	0.924	0.851	0.540	0.576	0.811	0.760	0.779	0.824	0.997	1.030	0.984	0.978	0.922	0.844	0.557	0.632	0.849	0.801	0.829	0.816	0.915	0.960	1.007	0.882	0.937	0.899	0.597	0.833	0.801	0.823	0.797	0.849	0.328	0.347	0.355	0.350	0.344	0.344
11:50:07	0.538	0.502	0.692	0.725	0.755	0.809	0.821	0.872	0.877	0.932	0.994	0.586	0.518	0.582	0.762	0.755	0.812	0.803	0.864	0.826	0.925	0.940	0.981	0.942	0.573	0.523	0.665	0.811	0.715	0.772	0.976	0.781	1.058	0.970	0.934	0.906	0.564	0.532	0.765	0.802	0.809	0.984	0.998	0.940	1.014	0.834	0.889	0.874	0.547	0.517	0.748	0.843	0.766	0.813	1.014	0.983	0.982	0.879	0.929	0.853	0.541	0.577	0.773	0.763	0.784	0.838	1.012	1.047	0.996	0.987	0.918	0.843	0.554	0.630	0.848	0.804	0.833	0.828	0.933	0.963	1.014	0.887	0.953	0.900	0.596	0.836	0.802	0.827	0.806	0.866	0.328	0.348	0.362	0.352	0.340	0.345
12:00:07	0.540	0.503	0.694	0.726	0.753	0.814	0.825	0.895	0.903	0.938	0.998	0.585	0.519	0.583	0.765	0.757	0.813	0.803	0.882	0.850	0.958	0.944	0.985	0.939	0.572	0.524	0.665	0.811	0.707	0.773	0.989	0.795	1.071	0.979	0.935	0.914	0.565	0.533	0.772	0.802	0.812	0.998	1.010	0.966	1.029	0.834	0.891	0.878	0.549	0.519	0.749	0.842	0.770	0.827	1.032	1.002	0.994	0.882	0.933	0.856	0.542	0.576	0.773	0.765	0.787	0.847	1.025	1.059	1.005	0.995	0.920	0.843	0.555	0.628	0.849	0.806	0.838	0.840	0.947	0.963	1.019	0.892	0.957	0.905	0.596	0.838	0.800	0.830	0.819	0.883	0.329	0.342	0.362	0.352	0.336	0.343
12:10:07	0.544	0.504	0.697	0.727	0.757	0.823	0.832	0.918	0.928	0.944	1.003	0.585	0.521	0.583	0.768	0.757	0.814	0.810	0.899	0.880	0.985	0.947	0.985	0.943	0.572	0.525	0.666	0.813	0.709	0.774	0.999	0.816	1.084	0.989	0.936	0.920	0.565	0.533	0.780	0.805	0.815	1.011	1.019	0.988	1.041	0.837	0.892	0.881	0.550	0.521	0.749	0.842	0.772	0.841	1.051	1.020	1.003	0.886	0.938	0.857	0.543	0.577	0.773	0.766	0.794	0.860	1.033	1.068	1.012	1.003	0.918	0.849	0.552	0.627	0.850	0.806	0.843	0.856	0.957	0.962	1.019	0.898	0.960	0.910	0.596	0.841	0.798	0.835	0.833	0.899	0.330	0.341	0.364	0.339	0.340	0.340
12:20:07	0.547	0.506	0.698	0.729	0.757	0.831	0.835	0.939	0.952	0.949	1.004	0.584	0.520	0.584	0.769	0.758	0.815	0.808	0.918	0.905	1.006	0.944	0.987	0.947	0.572	0.525	0.666	0.812	0.711	0.774	1.007	0.838	1.092	1.000	0.936	0.925	0.563	0.534	0.770	0.807	0.817	1.023	1.027	1.005	1.051	0.842	0.892	0.883	0.550	0.523	0.751	0.843	0.776	0.858	1.065	1.034	1.011	0.889	0.933	0.862	0.543	0.576	0.773	0.768	0.801	0.878	1.043	1.076	1.017	1.009	0.921	0.855	0.552	0.626	0.851	0.807	0.848	0.870	0.970	0.965	1.014	0.904	0.965	0.915	0.597	0.844	0.798	0.839	0.849	0.915	0.331	0.344	0.364	0.339	0.339	0.341
12:30:07	0.550	0.504	0.699	0.732	0.757	0.840	0.841	0.959	0.976	0.948	1.001	0.585	0.520	0.584	0.770	0.757	0.817	0.810	0.935	0.928	1.024	0.946	0.987	0.955	0.572	0.526	0.668	0.813	0.711	0.772	1.014	0.863	1.102	1.011	0.937	0.934	0.564	0.536	0.772	0.809	0.820	1.029	1.037	1.022	1.061	0.842	0.895	0.888	0.551	0.526	0.751	0.848	0.777	0.876	1.079	1.047	1.021	0.894	0.940	0.867	0.544	0.576	0.775	0.770	0.810	0.898	1.051	1.087	1.021	1.015	0.926	0.865	0.550	0.625	0.853	0.810	0.856	0.886	0.981	0.968	1.009	0.911	0.970	0.921	0.598	0.848	0.798	0.842	0.864	0.923	0.333	0.346	0.371	0.343	0.340	0.342
12:40:07	0.554	0.506	0.700	0.733	0.759	0.850	0.850	0.971	0.996	0.951	0.996	0.585	0.520	0.585	0.772	0.758	0.819	0.814	0.952	0.950	1.036	0.946	0.985	0.961	0.572	0.527	0.669	0.815	0.713	0.772	1.020	0.889	1.111	1.017	0.938	0.942	0.564	0.536	0.774	0.809	0.823	1.041	1.047	1.040	1.070	0.847	0.898	0.892	0.551	0.529	0.754	0.849	0.782	0.896	1.089	1.058	1.027	0.899	0.937	0.871	0.545	0.577	0.775	0.773	0.823	0.913	1.060	1.094	1.020	1.015	0.929	0.875	0.550	0.624	0.858	0.811	0.865	0.901	0.992	0.972	1.004	0.916	0.972	0.927	0.598	0.852	0.799	0.848	0.878	0.936	0.333	0.349	0.373	0.338	0.342	0.344
12:50:07	0.558	0.510	0.700	0.735	0.761	0.861	0.859	0.983	1.017	0.956	0.990	0.587	0.521	0.586	0.773	0.760	0.819	0.817	0.968	0.970	1.045	0.943	0.986	0.970	0.572	0.529	0.670	0.817	0.715	0.775	1.025	0.914	1.118	1.022	0.941	0.951	0.568	0.543	0.776	0.811	0.825	1.049	1.051	1.058	1.077	0.854	0.900	0.896	0.552	0.531	0.755	0.848	0.784	0.915	1.102	1.069	1.033	0.905	0.940	0.878	0.546	0.577	0.776	0.774	0.836	0.934	1.065	1.097	1.023	1.020	0.932	0.887	0.549	0.624	0.861	0.815	0.877	0.915	1.002	0.971	0.996	0.923	0.971	0.924	0.600	0.854	0.797	0.854	0.891	0.944	0.325	0.349	0.374	0.342	0.345	0.345
13:00:07	0.561	0.508	0.701	0.736	0.762	0.871	0.869	0.997	1.033	0.961	0.986	0.589	0.523	0.587	0.775	0.762	0.822	0.820	0.982	0.987	1.051	0.942	0.988	0.976	0.573	0.531	0.671	0.818	0.717	0.776	1.027	0.940	1.123	1.021	0.943	0.959	0.564	0.541	0.778	0.813	0.829	1.056	1.059	1.073	1.081	0.864	0.901	0.899	0.552	0.533	0.757	0.851	0.787	0.935	1.110	1.078	1.034	0.907	0.935	0.885	0.547	0.578	0.777	0.777	0.851	0.955	1.071	1.103	1.024	1.024	0.938	0.899	0.551	0.623	0.864	0.819	0.892	0.926	1.009	0.967	0.989	0.931	0.978	0.929	0.602	0.858	0.797	0.859	0.906	0.952	0.324	0.352	0.375	0.344	0.350	0.345
13:10:07	0.563	0.510	0.701	0.738	0.764	0.881	0.881	1.009	1.050	0.965	0.977	0.589	0.523	0.589	0.777	0.764	0.826	0.822	0.989	1.004	1.060	0.937	0.989	0.982	0.574	0.532	0.672	0.818	0.719	0.778	1.030	0.959	1.129	1.021	0.945	0.967	0.565	0.543	0.780	0.817	0.833	1.063	1.065	1.085	1.087	0.870	0.902	0.904	0.553	0.535	0.759	0.850	0.793	0.957	1.119	1.085	1.036	0.910	0.931	0.891	0.549	0.579	0.778	0.782	0.875	0.976	1.078	1.107	1.027	1.027	0.943	0.912	0.551	0.623	0.869	0.822	0.909	0.939	1.013	0.972	0.985	0.938	0.989	0.938	0.603	0.861	0.798	0.867	0.919	0.961	0.326	0.353	0.376	0.344	0.350	0.346
13:20:07	0.566	0.509	0.701	0.740	0.762	0.894	0.892	1.019	1.062	0.968	0.972	0.593	0.525	0.590	0.779	0.765	0.827	0.823	1.000	1.018	1.066	0.937	0.990	0.991	0.574	0.534	0.672	0.819	0.720	0.783	1.034	0.982	1.134	1.019	0.949	0.974	0.565	0.545	0.781	0.819	0.838	1.070	1.068	1.091	1.089	0.877	0.905	0.911	0.553	0.536	0.758	0.852	0.801	0.979	1.127	1.093	1.036	0.916	0.931	0.899	0.550	0.580	0.780	0.782	0.895	0.998	1.086	1.112	1.027	1.030	0.947	0.929	0.552	0.624	0.872	0.824	0.926	0.953	1.021	0.974	0.983	0.944	0.993	0.948	0.604	0.866	0.799	0.874	0.933	0.969	0.327	0.357	0.375	0.345	0.343	0.334
13:30:07	0.569	0.511	0.702	0.742	0.764	0.907	0.903	1.030	1.073	0.971	0.971	0.596	0.526	0.591	0.780	0.767	0.828	0.825	1.012	1.031	1.070	0.937	0.987	0.996	0.575	0.536	0.675	0.815	0.722	0.788	1.038	0.991	1.134	1.019	0.951	0.983	0.566	0.546	0.783	0.820	0.833	1.079	1.075	1.098	1.092	0.884	0.908	0.915	0.553	0.537	0.760	0.856	0.810	0.998	1.136	1.101	1.034	0.916	0.928	0.902	0.551	0.581	0.783	0.788	0.922	1.017	1.093	1.117	1.029	1.027	0.949	0.940	0.553	0.625	0.875	0.821	0.940	0.960	1.027	0.978	0.981	0.945	1.003	0.954	0.607	0.870	0.800	0.880	0.941	0.975	0.326	0.357	0.378	0.345	0.337	0.336
13:40:07	0.574	0.513	0.702	0.742	0.766	0.921	0.916	1.038	1.083	0.975	0.971	0.599	0.528	0.592	0.782	0.770	0.832	0.830	1.023	1.044	1.075	0.936	0.989	1.004	0.576	0.537	0.675	0.814	0.723	0.795	1.039	1.005	1.136	1.018	0.956	0.991	0.567	0.548	0.784	0.824	0.838	1.086	1.079	1.102	1.096	0.891	0.909	0.923	0.554	0.538	0.763	0.860	0.819	1.016	1.141	1.110	1.033	0.920	0.926	0.908	0.553	0.583	0.785	0.793	0.944	1.034	1.096	1.120	1.031	1.031	0.951	0.956	0.554	0.627	0.880	0.826	0.958	0.974	1.031	0.981	0.980	0.951	1.005	0.966	0.609	0.874	0.801	0.891	0.953	0.982	0.323	0.357	0.378	0.342	0.337	0.337
13:50:07	0.578	0.516	0.702	0.744	0.765	0.934	0.927	1.047	1.091	0.976	0.971	0.603	0.530	0.593	0.783	0.767	0.834	0.834	1.033	1.055	1.078	0.926	0.989	1.011	0.577	0.539	0.676	0.815	0.723	0.803	1.042	1.018	1.140	1.016	0.959	0.999	0.568	0.550	0.786	0.827	0.846	1.096	1.080	1.107	1.101	0.896	0.911	0.932	0.554	0.539	0.764	0.864	0.831	1.034	1.149	1.116	1.034	0.924	0.925	0.915	0.553	0.584	0.788	0.800	0.972	1.051	1.103	1.126	1.032	1.033	0.949	0.972	0.555	0.628	0.886	0.834	0.975	0.984	1.033	0.983	0.979	0.955	1.013	0.979	0.612	0.879	0.802	0.897	0.964	0.985	0.325	0.359	0.380	0.335	0.338	0.331
14:00:07	0.582	0.520	0.702	0.745	0.768	0.947	0.938	1.054	1.099	0.979	0.970	0.606	0.532	0.594	0.785	0.768	0.839	0.841	1.042	1.067	1.080	0.926	0.991	1.021	0.577	0.541	0.677	0.814	0.725	0.810	1.045	1.027	1.146	1.012	0.963	1.008	0.568	0.551	0.787	0.831	0.856	1.104	1.084	1.114	1.105	0.906	0.917	0.940	0.553	0.539	0.765	0.869	0.845	1.049	1.157	1.123	1.034	0.926	0.927	0.920	0.555	0.585	0.790	0.807	0.998	1.065	1.111	1.130	1.013	1.035	0.956	0.987	0.556	0.630	0.890	0.842	0.990	0.992	1.033	0.982	0.980	0.959	1.017	0.992	0.615	0.884	0.803	0.909	0.973	0.992	0.325	0.359	0.379	0.336	0.338	0.332
14:10:07	0.588	0.522	0.703	0.749	0.770	0.962	0.948	1.060	1.109	0.980	0.971	0.612	0.534	0.596	0.787	0.770	0.839	0.848	1.051	1.077	1.081	0.925	0.993	1.033	0.579	0.543	0.678	0.814	0.727	0.821	1.049	1.036	1.150	1.010	0.966	1.017	0.569	0.553	0.789	0.835	0.869	1.112	1.087	1.119	1.108	0.914	0.924	0.952	0.553	0.539	0.766	0.874	0.860	1.063	1.166	1.132	1.030	0.927	0.930	0.927	0.557	0.586	0.790	0.815	1.024	1.080	1.119	1.135	1.015	1.034	0.961	1.003	0.558	0.632	0.897	0.850	1.005	1.001	1.035	0.984	0.981	0.965	1.025	1.006	0.619	0.890	0.805	0.919	0.982	0.997	0.321	0.361	0.378	0.337	0.338	0.332
14:20:07	0.594	0.525	0.704	0.750	0.768	0.976	0.958	1.066	1.113	0.982	0.973	0.617	0.537	0.597	0.789	0.775	0.845	0.858	1.059	1.086	1.081	0.924	0.992	1.038	0.580	0.545	0.678	0.814	0.728	0.832	1.051	1.044	1.150	1.009	0.970	1.025	0.570	0.556	0.790	0.839	0.885	1.117	1.091	1.124	1.109	0.917	0.927	0.962	0.553	0.539	0.768	0.877	0.876	1.075	1.174	1.136	1.030	0.929	0.936	0.934	0.558	0.588	0.792	0.826	1.045	1.094	1.126	1.138	1.012	1.039	0.965	1.017	0.559	0.634	0.901	0.863	1.022	1.007	1.036	0.985	0.982	0.972	1.031	1.019	0.624	0.895	0.808	0.934	0.991	1.000	0.322	0.356	0.377	0.335	0.336	0.327
14:30:07	0.600	0.529	0.705	0.751	0.772	0.990	0.964	1.071	1.123	0.983	0.978	0.621	0.539	0.599	0.790	0.778	0.851	0.870	1.066	1.095	1.082	0.924	0.993	1.048	0.581	0.548	0.680	0.814	0.729	0.845	1.054	1.053	1.154	1.007	0.978	1.038	0.571	0.558	0.794	0.844	0.904	1.124	1.095	1.133	1.111	0.927	0.936	0.975	0.554	0.540	0.771	0.886	0.895	1.086	1.181	1.143	1.032	0.931	0.944	0.941	0.560	0.590	0.794	0.839	1.064	1.105	1.133	1.142	1.015	1.044	0.973	1.031	0.562	0.637	0.907	0.879	1.038	1.011	1.035	0.987	0.982	0.978	1.038	1.034	0.628	0.902	0.812	0.949	0.997	1.005	0.314	0.352	0.378	0.335	0.339	0.328
14:40:07	0.608	0.532	0.705	0.755	0.775	1.004	0.968	1.068	1.130	0.983	0.983	0.626	0.543	0.600	0.792	0.780	0.855	0.881	1.074	1.100	1.078	0.922	0.997	1.059	0.582	0.550	0.679	0.817	0.733	0.861	1.056	1.062	1.153	1.002	0.981	1.047	0.572	0.560	0.796	0.851	0.925	1.132	1.098	1.140	1.114	0.938	0.944	0.986	0.554	0.541	0.770	0.894	0.916	1.097	1.190	1.149	1.032	0.934	0.953	0.947	0.561	0.591	0.796	0.853	1.081	1.111	1.142	1.147	1.018	1.049	0.979	1.045	0.564	0.640	0.915	0.895	1.050	1.016	1.037	0.987	0.984	0.985	1.045	1.050	0.633	0.909	0.814	0.965	1.002	1.006	0.312	0.347	0.378	0.336	0.340	0.331
14:50:07	0.617	0.537	0.707	0.758	0.779	1.013	0.973	1.072	1.133	0.988	0.990	0.633	0.546	0.603	0.794	0.785	0.862	0.899	1.081	1.105	1.079	0.921	1.000	1.071	0.584	0.552	0.681	0.819	0.739	0.884	1.060	1.071	1.157	1.002	0.986	1.061	0.574	0.565	0.800	0.856	0.948	1.140	1.104	1.149	1.117	0.949	0.955	1.000	0.555	0.543	0.774	0.903	0.937	1.108	1.195	1.156	1.034	0.937	0.964	0.956	0.563	0.593	0.798	0.872	1.095	1.118	1.150	1.153	1.022	1.052	0.987	1.060	0.568	0.644	0.923	0.910	1.063	1.021	1.038	0.989	0.985	0.991	1.053	1.065	0.640	0.917	0.819	0.980	1.008	1.009	0.313	0.347	0.380	0.336	0.341	0.332
15:00:07	0.626	0.543	0.707	0.762	0.781	1.024	0.975	1.074	1.142	0.987	0.997	0.640	0.550	0.605	0.797	0.787	0.866	0.917	1.083	1.109	1.080	0.921	1.001	1.084	0.586	0.555	0.683	0.821	0.745	0.904	1.066	1.080	1.159	1.001	0.993	1.071	0.575	0.568	0.805	0.860	0.969	1.147	1.106	1.143	1.119	0.961	0.967	1.013	0.556	0.545	0.777	0.913	0.960	1.117	1.203	1.163	1.028	0.937	0.979	0.964	0.566	0.595	0.802	0.890	1.111	1.129	1.158	1.158	1.027	1.057	0.995	1.072	0.572	0.649	0.931	0.929	1.075	1.028	1.041	0.992	0.986	0.997	1.062	1.080	0.646	0.924	0.824	0.996	1.011	1.011	0.313	0.346	0.382	0.334	0.347	0.334
15:10:07	0.637	0.548	0.708	0.764	0.784	1.038	0.978	1.079	1.151	0.988	1.003	0.647	0.554	0.608	0.799	0.793	0.871	0.937	1.090	1.114	1.081	0.921	1.004	1.095	0.587	0.558	0.685	0.825	0.752	0.929	1.072	1.090	1.164	1.002	1.000	1.084	0.577	0.573	0.810	0.868	0.991	1.156	1.113	1.143	1.122	0.972	0.978	1.024	0.558	0.547	0.782	0.922	0.984	1.126	1.211	1.170	1.027	0.941	0.987	0.969	0.568	0.598	0.802	0.916	1.115	1.138	1.162	1.160	1.032	1.064	1.005	1.082	0.576	0.654	0.940	0.949	1.084	1.030	1.038	0.995	0.985	1.006	1.069	1.094	0.653	0.934	0.828	1.013	1.013	1.013	0.315	0.339	0.382	0.335	0.344	0.323
15:20:07	0.649	0.553	0.709	0.769	0.789	1.051	0.981	1.081	1.158	0.992	1.012	0.655	0.558	0.610	0.802	0.796	0.878	0.959	1.098	1.113	1.081	0.922	1.009	1.107	0.589	0.561	0.687	0.828	0.760	0.953	1.077	1.100	1.168	0.998	1.009	1.097	0.578	0.578	0.815	0.877	1.010	1.163	1.119	1.157	1.126	0.985	0.987	1.040	0.559	0.549	0.785	0.933	1.007	1.136	1.216	1.177	1.029	0.945	0.999	0.979	0.571	0.600	0.804	0.943	1.130	1.147	1.171	1.161	1.038	1.073	1.015	1.097	0.581	0.659	0.950	0.968	1.095	1.036	1.040	0.997	0.986	1.013	1.076	1.106	0.660	0.945	0.834	1.028	1.018	1.015	0.316	0.318	0.384	0.338	0.345	0.319
15:30:07	0.664	0.559	0.711	0.774	0.795	1.060	0.986	1.083	1.165	0.997	1.021	0.664	0.562	0.611	0.806	0.802	0.885	0.980	1.104	1.117	1.083	0.927	1.014	1.118	0.591	0.566	0.690	0.830	0.772	0.977	1.082	1.109	1.173	1.001	1.018	1.109	0.581	0.583	0.822	0.891	1.026	1.171	1.125	1.157	1.129	0.997	0.995	1.052	0.561	0.553	0.789	0.945	1.028	1.143	1.223	1.183	1.033	0.948	1.010	0.986	0.576	0.604	0.808	0.969	1.142	1.155	1.179	1.165	1.044	1.080	1.025	1.107	0.584	0.665	0.960	0.986	1.096	1.039	1.041	0.999	0.986	1.023	1.084	1.117	0.667	0.956	0.840	1.041	1.021	1.017	0.315	0.319	0.385	0.338	0.349	0.323
15:40:07	0.680	0.564	0.712	0.778	0.802	1.068	0.989	1.085	1.173	1.002	1.028	0.671	0.566	0.614	0.809	0.809	0.893	1.000	1.111	1.119	1.084	0.931	1.018	1.130	0.594	0.569	0.693	0.835	0.786	0.999	1.088	1.119	1.176	1.001	1.029	1.120	0.582	0.589	0.829	0.908	1.043	1.179	1.132	1.163	1.130	1.011	1.007	1.066	0.564	0.556	0.795	0.960	1.045	1.151	1.231	1.188	1.037	0.951	1.022	0.996	0.580	0.607	0.811	0.994	1.150	1.164	1.188	1.170	1.050	1.087	1.034	1.119	0.588	0.671	0.971	1.004	1.107	1.043	1.043	1.003	0.986	1.033	1.092	1.130	0.677	0.969	0.845	1.055	1.024	1.019	0.316	0.321	0.387	0.339	0.349	0.325
15:50:07	0.698	0.570	0.713	0.782	0.808	1.078	0.993	1.087	1.178	1.008	1.040	0.682	0.571	0.617	0.812	0.815	0.904	1.019	1.120	1.123	1.086	0.928	1.021	1.142	0.597	0.574	0.696	0.834	0.802	1.019	1.097	1.128	1.183	1.005	1.038	1.133	0.585	0.595	0.837	0.926	1.059	1.187	1.139	1.165	1.137	1.025	1.021	1.083	0.566	0.560	0.800	0.974	1.062	1.159	1.239	1.194	1.043	0.957	1.036	1.006	0.586	0.611	0.815	1.018	1.158	1.171	1.194	1.177	1.059	1.097	1.045	1.131	0.592	0.678	0.983	1.021	1.116	1.045	1.042	1.006	0.988	1.044	1.098	1.147	0.686	0.982	0.853	1.067	1.025	1.019	0.317	0.323	0.388	0.340	0.349	0.326
16:00:07	0.715	0.578	0.715	0.785	0.813	1.080	0.995	1.086	1.186	1.014	1.049	0.690	0.576	0.619	0.816	0.820	0.914	1.037	1.127	1.124	1.086	0.928	1.026	1.153	0.599	0.578	0.698	0.837	0.818	1.039	1.101	1.140	1.187	1.009	1.049	1.141	0.588	0.601	0.844	0.944	1.069	1.195	1.146	1.169	1.140	1.039	1.033	1.094	0.568	0.565	0.804	0.991	1.075	1.167	1.245	1.201	1.050	0.962	1.048	1.014	0.591	0.615	0.819	1.040	1.163	1.178	1.203	1.183	1.067	1.104	1.042	1.141	0.597	0.685	0.997	1.036	1.122	1.047	1.043	1.009	0.988	1.051	1.106	1.158	0.696	0.997	0.859	1.076	1.027	1.019	0.317	0.323	0.390	0.339	0.350	0.326
16:10:07	0.734	0.586	0.716	0.791	0.820	1.083	0.996	1.088	1.193	1.019	1.061	0.698	0.582	0.623	0.820	0.828	0.924	1.050	1.131	1.126	1.085	0.929	1.032	1.162	0.602	0.583	0.701	0.840	0.839	1.058	1.109	1.151	1.190	1.013	1.059	1.151	0.591	0.609	0.854	0.965	1.081	1.203	1.153	1.175	1.147	1.052	1.044	1.106	0.570	0.570	0.810	1.011	1.086	1.175	1.250	1.205	1.055	0.961	1.059	1.022	0.597	0.619	0.824	1.058	1.172	1.188	1.211	1.188	1.075	1.112	1.052	1.151	0.603	0.694	1.010	1.051	1.131	1.048	1.043	1.012	0.989	1.063	1.113	1.170	0.708	1.014	0.865	1.085	1.030	1.017	0.318	0.325	0.389	0.341	0.354	0.328
16:20:07	0.754	0.597	0.717	0.797	0.828	1.089	0.998	1.091	1.201	1.027	1.072	0.708	0.587	0.625	0.824	0.837	0.935	1.063	1.139	1.123	1.088	0.930	1.038	1.174	0.605	0.588	0.705	0.845	0.861	1.076	1.112	1.163	1.194	1.017	1.071	1.162	0.595	0.617	0.864	0.987	1.093	1.211	1.160	1.181	1.152	1.065	1.056	1.117	0.573	0.576	0.815	1.034	1.098	1.178	1.252	1.210	1.061	0.967	1.073	1.031	0.606	0.623	0.828	1.076	1.180	1.195	1.219	1.194	1.083	1.118	1.062	1.161	0.608	0.703	1.024	1.066	1.139	1.050	1.042	1.016	0.991	1.075	1.120	1.183	0.722	1.031	0.870	1.095	1.031	1.017	0.320	0.326	0.389	0.342	0.350	0.320
16:30:07	0.776	0.610	0.717	0.805	0.837	1.095	1.000	1.094	1.211	1.035	1.082	0.718	0.593	0.629	0.829	0.849	0.947	1.077	1.146	1.127	1.090	0.929	1.044	1.186	0.608	0.594	0.710	0.853	0.885	1.095	1.120	1.175	1.200	1.021	1.082	1.174	0.598	0.626	0.875	1.010	1.105	1.220	1.169	1.188	1.159	1.077	1.067	1.130	0.576	0.582	0.822	1.057	1.106	1.187	1.260	1.218	1.070	0.971	1.087	1.041	0.613	0.628	0.833	1.092	1.190	1.205	1.228	1.200	1.091	1.126	1.073	1.172	0.614	0.714	1.037	1.082	1.147	1.050	1.042	1.018	0.992	1.088	1.128	1.194	0.737	1.052	0.876	1.105	1.033	1.017	0.320	0.327	0.386	0.342	0.353	0.323
16:40:07	0.798	0.626	0.719	0.812	0.847	1.100	1.001	1.096	1.218	1.042	1.093	0.731	0.600	0.633	0.834	0.861	0.963	1.089	1.154	1.129	1.091	0.926	1.051	1.198	0.611	0.601	0.714	0.861	0.905	1.113	1.127	1.186	1.206	1.027	1.092	1.186	0.603	0.635	0.886	1.032	1.119	1.226	1.176	1.190	1.165	1.090	1.076	1.142	0.580	0.589	0.828	1.079	1.114	1.197	1.267	1.219	1.078	0.976	1.102	1.047	0.622	0.632	0.839	1.107	1.200	1.213	1.234	1.204	1.101	1.134	1.078	1.179	0.620	0.724	1.053	1.091	1.153	1.051	1.039	1.020	0.993	1.099	1.132	1.208	0.752	1.070	0.881	1.116	1.032	1.016	0.321	0.328	0.386	0.344	0.352	0.322
16:50:07	0.823	0.645	0.719	0.819	0.861	1.107	0.998	1.098	1.226	1.048	1.101	0.739	0.608	0.638	0.839	0.874	0.980	1.101	1.160	1.131	1.094	0.925	1.058	1.210	0.615	0.609	0.718	0.869	0.926	1.128	1.136	1.198	1.211	1.033	1.105	1.197	0.607	0.646	0.898	1.050	1.131	1.234	1.181	1.198	1.171	1.101	1.089	1.156	0.584	0.596	0.835	1.104	1.125	1.206	1.273	1.226	1.088	0.981	1.114	1.053	0.632	0.638	0.846	1.121	1.208	1.216	1.244	1.210	1.111	1.142	1.083	1.189	0.628	0.737	1.066	1.106	1.161	1.051	1.039	1.026	0.985	1.111	1.140	1.216	0.768	1.087	0.887	1.127	1.032	1.013	0.322	0.329	0.381	0.344	0.355	0.323
17:00:07	0.849	0.666	0.720	0.828	0.874	1.115	0.998	1.101	1.235	1.057	1.111	0.750	0.617	0.643	0.845	0.887	0.999	1.112	1.168	1.130	1.097	0.921	1.066	1.220	0.619	0.617	0.723	0.878	0.945	1.143	1.145	1.208	1.215	1.039	1.118	1.206	0.612	0.657	0.912	1.072	1.143	1.240	1.187	1.206	1.176	1.114	1.099	1.165	0.589	0.605	0.844	1.130	1.133	1.214	1.283	1.233	1.099	0.988	1.127	1.056	0.644	0.644	0.852	1.134	1.214	1.225	1.254	1.217	1.121	1.149	1.094	1.199	0.636	0.750	1.082	1.120	1.170	1.053	1.039	1.026	0.985	1.123	1.148	1.225	0.785	1.104	0.896	1.138	1.033	1.011	0.323	0.331	0.374	0.345	0.356	0.324
17:10:07	0.875	0.689	0.721	0.840	0.889	1.120	0.997	1.102	1.243	1.064	1.120	0.760	0.626	0.649	0.849	0.902	1.017	1.121	1.177	1.130	1.099	0.920	1.073	1.228	0.624	0.626	0.729	0.889	0.962	1.159	1.152	1.216	1.222	1.044	1.128	1.214	0.617	0.669	0.926	1.095	1.155	1.244	1.193	1.212	1.183	1.123	1.106	1.177	0.594	0.614	0.853	1.156	1.142	1.224	1.294	1.239	1.106	0.993	1.139	1.063	0.656	0.650	0.861	1.148	1.223	1.234	1.261	1.223	1.128	1.150	1.099	1.210	0.645	0.766	1.101	1.134	1.175	1.053	1.038	1.030	0.982	1.134	1.156	1.233	0.801	1.120	0.904	1.148	1.030	1.002	0.324	0.333	0.374	0.348	0.359	0.324
17:20:07	0.904	0.717	0.722	0.848	0.905	1.126	0.997	1.099	1.252	1.071	1.131	0.773	0.636	0.655	0.855	0.913	1.036	1.132	1.187	1.130	1.100	0.917	1.081	1.240	0.629	0.635	0.735	0.901	0.977	1.169	1.162	1.229	1.222	1.042	1.138	1.224	0.622	0.682	0.939	1.115	1.165	1.251	1.201	1.222	1.186	1.134	1.116	1.187	0.600	0.624	0.863	1.182	1.149	1.233	1.305	1.247	1.115	0.999	1.146	1.071	0.671	0.657	0.867	1.159	1.224	1.242	1.268	1.227	1.133	1.158	1.111	1.220	0.655	0.783	1.120	1.146	1.182	1.053	1.036	1.034	0.973	1.140	1.164	1.242	0.819	1.133	0.910	1.160	1.029	0.999	0.325	0.328	0.376	0.349	0.366	0.326
17:30:07	0.910	0.743	0.723	0.859	0.922	1.131	0.997	1.096	1.261	1.080	1.139	0.785	0.647	0.663	0.863	0.931	1.055	1.136	1.191	1.129	1.105	0.914	1.087	1.250	0.634	0.645	0.742	0.912	0.990	1.183	1.168	1.237	1.228	1.045	1.151	1.233	0.629	0.698	0.954	1.137	1.178	1.259	1.210	1.234	1.193	1.145	1.126	1.197	0.607	0.634	0.875	1.206	1.153	1.243	1.317	1.255	1.126	1.005	1.157	1.081	0.685	0.664	0.874	1.170	1.238	1.249	1.274	1.235	1.143	1.165	1.122	1.232	0.666	0.802	1.141	1.159	1.189	1.054	1.037	1.039	0.973	1.151	1.172	1.251	0.836	1.150	0.918	1.172	1.029	0.996	0.327	0.316	0.377	0.350	0.366	0.327
17:40:07	0.943	0.769	0.724	0.870	0.940	1.138	0.992	1.096	1.269	1.087	1.144	0.799	0.660	0.672	0.868	0.950	1.075	1.147	1.199	1.129	1.111	0.914	1.093	1.260	0.641	0.656	0.750	0.927	1.003	1.193	1.177	1.251	1.235	1.052	1.162	1.242	0.634	0.714	0.969	1.157	1.189	1.266	1.218	1.240	1.199	1.154	1.137	1.208	0.614	0.646	0.888	1.230	1.160	1.250	1.327	1.264	1.137	1.009	1.167	1.090	0.700	0.671	0.885	1.183	1.247	1.256	1.284	1.241	1.153	1.170	1.132	1.242	0.677	0.823	1.162	1.171	1.193	1.054	1.034	1.041	0.971	1.161	1.180	1.259	0.853	1.166	0.925	1.183	1.023	0.994	0.328	0.316	0.363	0.351	0.368	0.330
17:50:07	0.967	0.794	0.725	0.882	0.959	1.145	0.991	1.098	1.277	1.095	1.150	0.813	0.675	0.681	0.877	0.968	1.097	1.156	1.204	1.129	1.116	0.913	1.101	1.269	0.648	0.668	0.759	0.944	1.018	1.205	1.186	1.263	1.244	1.058	1.175	1.254	0.641	0.731	0.983	1.175	1.200	1.275	1.226	1.250	1.204	1.165	1.150	1.216	0.623	0.659	0.901	1.254	1.166	1.260	1.338	1.270	1.146	1.018	1.179	1.099	0.716	0.681	0.896	1.189	1.257	1.262	1.294	1.248	1.162	1.179	1.144	1.251	0.689	0.844	1.184	1.183	1.199	1.054	1.035	1.045	0.971	1.171	1.188	1.266	0.871	1.182	0.931	1.193	1.021	0.989	0.329	0.321	0.364	0.351	0.365	0.328
18:00:07	0.988	0.818	0.726	0.895	0.979	1.151	0.990	1.098	1.284	1.105	1.160	0.827	0.688	0.690	0.887	0.986	1.114	1.166	1.212	1.129	1.122	0.912	1.108	1.275	0.656	0.679	0.769	0.960	1.032	1.215	1.194	1.273	1.252	1.066	1.188	1.261	0.648	0.749	0.999	1.195	1.211	1.283	1.235	1.258	1.211	1.175	1.163	1.227	0.634	0.673	0.916	1.276	1.172	1.269	1.349	1.279	1.153	1.023	1.186	1.107	0.730	0.691	0.910	1.194	1.267	1.271	1.304	1.255	1.172	1.186	1.148	1.260	0.701	0.865	1.208	1.195	1.206	1.051	1.034	1.051	0.970	1.181	1.197	1.277	0.889	1.198	0.937	1.204	1.019	0.983	0.331	0.323	0.365	0.352	0.370	0.330
18:10:07	1.003	0.841	0.728	0.909	0.998	1.159	0.990	1.099	1.292	1.115	1.169	0.843	0.703	0.699	0.897	1.004	1.128	1.177	1.220	1.128	1.127	0.911	1.116	1.283	0.665	0.693	0.780	0.979	1.046	1.226	1.203	1.284	1.261	1.073	1.201	1.272	0.655	0.768	1.015	1.212	1.223	1.293	1.242	1.262	1.220	1.183	1.176	1.238	0.646	0.689	0.933	1.296	1.178	1.279	1.360	1.282	1.165	1.032	1.195	1.117	0.746	0.703	0.923	1.203	1.277	1.279	1.316	1.262	1.184	1.193	1.159	1.272	0.715	0.887	1.232	1.205	1.214	1.050	1.033	1.057	0.970	1.193	1.208	1.284	0.907	1.215	0.940	1.216	1.016	0.979	0.333	0.324	0.366	0.360	0.341	0.329
18:20:07	1.021	0.868	0.730	0.925	1.019	1.166	0.988	1.100	1.301	1.125	1.179	0.859	0.717	0.709	0.907	1.023	1.148	1.187	1.227	1.124	1.133	0.911	1.123	1.290	0.675	0.706	0.791	0.993	1.052	1.234	1.212	1.294	1.269	1.082	1.216	1.283	0.663	0.787	1.030	1.231	1.235	1.299	1.250	1.272	1.228	1.194	1.188	1.248	0.661	0.705	0.950	1.314	1.183	1.289	1.370	1.285	1.173	1.041	1.202	1.127	0.761	0.714	0.941	1.212	1.284	1.287	1.325	1.270	1.194	1.200	1.169	1.282	0.729	0.909	1.256	1.212	1.221	1.051	1.033	1.063	0.972	1.205	1.217	1.296	0.925	1.231	0.947	1.226	1.014	0.974	0.334	0.325	0.367	0.361	0.341	0.329
18:30:07	1.038	0.891	0.731	0.940	1.039	1.172	0.986	1.101	1.308	1.134	1.188	0.874	0.731	0.718	0.919	1.041	1.167	1.194	1.234	1.113	1.136	0.910	1.131	1.295	0.685	0.719	0.804	1.011	1.065	1.244	1.221	1.301	1.277	1.090	1.229	1.292	0.674	0.807	1.048	1.249	1.246	1.310	1.258	1.282	1.234	1.202	1.201	1.257	0.675	0.724	0.967	1.330	1.187	1.299	1.382	1.289	1.183	1.048	1.208	1.133	0.776	0.726	0.959	1.219	1.293	1.295	1.337	1.278	1.205	1.209	1.176	1.291	0.744	0.931	1.275	1.223	1.227	1.051	1.032	1.068	0.973	1.216	1.225	1.306	0.940	1.247	0.951	1.234	1.012	0.970	0.329	0.326	0.368	0.358	0.343	0.331
18:40:07	1.050	0.914	0.734	0.956	1.055	1.176	0.985	1.103	1.314	1.144	1.197	0.890	0.746	0.729	0.928	1.060	1.182	1.201	1.236	1.113	1.139	0.909	1.140	1.299	0.696	0.733	0.818	1.029	1.074	1.255	1.227	1.310	1.281	1.094	1.240	1.300	0.685	0.828	1.064	1.265	1.252	1.319	1.265	1.290	1.231	1.204	1.212	1.262	0.689	0.744	0.982	1.346	1.190	1.305	1.392	1.295	1.194	1.056	1.216	1.133	0.792	0.738	0.978	1.224	1.298	1.302	1.349	1.282	1.212	1.210	1.186	1.302	0.761	0.952	1.297	1.232	1.230	1.050	1.029	1.074	0.974	1.221	1.233	1.310	0.957	1.262	0.954	1.241	1.007	0.967	0.331	0.328	0.366	0.352	0.353	0.334
18:50:07	1.061	0.938	0.737	0.972	1.071	1.181	0.981	1.102	1.321	1.154	1.205	0.907	0.761	0.739	0.940	1.077	1.200	1.213	1.239	1.111	1.144	0.907	1.148	1.305	0.709	0.747	0.833	1.046	1.087	1.268	1.238	1.321	1.289	1.095	1.255	1.308	0.694	0.850	1.081	1.284	1.262	1.330	1.274	1.303	1.238	1.212	1.224	1.268	0.705	0.766	0.999	1.362	1.194	1.314	1.403	1.300	1.206	1.063	1.228	1.142	0.807	0.751	1.000	1.232	1.303	1.307	1.357	1.291	1.223	1.217	1.193	1.313	0.779	0.973	1.317	1.241	1.237	1.044	1.021	1.081	0.976	1.229	1.243	1.321	0.974	1.279	0.958	1.247	1.005	0.964	0.332	0.329	0.367	0.352	0.347	0.334
19:00:07	1.073	0.958	0.738	0.988	1.090	1.185	0.980	1.102	1.331	1.158	1.214	0.924	0.777	0.750	0.952	1.092	1.218	1.224	1.244	1.109	1.150	0.905	1.156	1.313	0.720	0.761	0.849	1.061	1.098	1.278	1.247	1.331	1.296	1.102	1.270	1.318	0.706	0.871	1.098	1.296	1.269	1.338	1.280	1.315	1.245	1.222	1.234	1.276	0.721	0.788	1.016	1.374	1.196	1.321	1.411	1.304	1.218	1.070	1.237	1.151	0.822	0.763	1.022	1.240	1.309	1.315	1.369	1.300	1.233	1.224	1.200	1.322	0.797	0.992	1.335	1.253	1.241	1.043	1.021	1.089	0.977	1.238	1.252	1.331	0.991	1.294	0.961	1.252	0.993	0.961	0.333	0.328	0.368	0.351	0.347	0.335
19:10:07	1.087	0.982	0.742	1.000	1.107	1.192	0.978	1.104	1.340	1.165	1.222	0.940	0.793	0.761	0.965	1.107	1.235	1.233	1.248	1.105	1.154	0.905	1.162	1.321	0.733	0.774	0.864	1.076	1.109	1.289	1.257	1.343	1.305	1.109	1.283	1.326	0.716	0.892	1.114	1.311	1.274	1.349	1.283	1.327	1.249	1.230	1.244	1.282	0.738	0.812	1.032	1.385	1.198	1.329	1.422	1.310	1.231	1.076	1.248	1.156	0.837	0.776	1.043	1.249	1.318	1.325	1.380	1.308	1.240	1.226	1.206	1.328	0.816	1.012	1.353	1.266	1.243	1.043	1.021	1.097	0.979	1.247	1.257	1.341	1.004	1.310	0.962	1.260	0.988	0.958	0.334	0.330	0.370	0.353	0.347	0.336
19:20:07	1.099	1.005	0.747	1.017	1.125	1.202	0.977	1.105	1.351	1.173	1.230	0.958	0.808	0.773	0.980	1.123	1.252	1.247	1.254	1.103	1.159	0.899	1.171	1.331	0.748	0.789	0.882	1.093	1.120	1.301	1.268	1.355	1.310	1.117	1.298	1.337	0.728	0.913	1.131	1.328	1.282	1.359	1.290	1.341	1.257	1.239	1.258	1.290	0.756	0.835	1.051	1.399	1.202	1.339	1.432	1.317	1.244	1.081	1.258	1.163	0.851	0.790	1.063	1.253	1.331	1.330	1.387	1.318	1.250	1.234	1.213	1.339	0.834	1.029	1.363	1.279	1.250	1.043	1.020	1.103	0.979	1.257	1.266	1.352	1.019	1.324	0.965	1.266	0.977	0.956	0.331	0.331	0.370	0.356	0.349	0.337
19:30:07	1.113	1.024	0.751	1.031	1.140	1.211	0.971	1.106	1.359	1.179	1.237	0.977	0.824	0.785	0.994	1.133	1.267	1.257	1.260	1.101	1.164	0.897	1.179	1.339	0.761	0.804	0.899	1.108	1.131	1.315	1.278	1.367	1.318	1.126	1.311	1.347	0.741	0.933	1.148	1.343	1.290	1.370	1.296	1.356	1.267	1.248	1.269	1.299	0.775	0.857	1.068	1.409	1.203	1.346	1.442	1.320	1.260	1.086	1.269	1.174	0.866	0.804	1.084	1.259	1.338	1.340	1.393	1.328	1.260	1.242	1.221	1.349	0.852	1.046	1.379	1.293	1.257	1.044	1.021	1.114	0.980	1.263	1.275	1.364	1.033	1.337	0.973	1.270	0.974	0.951	0.332	0.326	0.371	0.355	0.348	0.337
19:40:07	1.129	1.044	0.755	1.047	1.157	1.218	0.970	1.106	1.367	1.188	1.246	0.994	0.838	0.797	1.009	1.143	1.281	1.267	1.265	1.098	1.170	0.896	1.188	1.345	0.774	0.818	0.918	1.121	1.139	1.328	1.287	1.377	1.327	1.134	1.323	1.357	0.754	0.955	1.160	1.355	1.300	1.380	1.303	1.369	1.275	1.258	1.280	1.307	0.793	0.879	1.084	1.420	1.203	1.357	1.452	1.328	1.273	1.092	1.280	1.182	0.881	0.820	1.104	1.267	1.347	1.346	1.403	1.337	1.271	1.250	1.227	1.355	0.870	1.063	1.395	1.306	1.263	1.044	1.021	1.120	0.981	1.271	1.283	1.371	1.045	1.349	0.962	1.277	0.972	0.947	0.333	0.327	0.371	0.357	0.349	0.338
19:50:07	1.144	1.060	0.759	1.061	1.172	1.227	0.965	1.106	1.374	1.198	1.255	1.014	0.854	0.809	1.023	1.159	1.293	1.276	1.272	1.096	1.174	0.894	1.197	1.353	0.788	0.833	0.936	1.133	1.145	1.341	1.298	1.389	1.333	1.142	1.333	1.368	0.767	0.976	1.174	1.369	1.311	1.384	1.310	1.382	1.286	1.267	1.289	1.315	0.812	0.900	1.100	1.432	1.202	1.365	1.460	1.337	1.286	1.096	1.292	1.189	0.891	0.836	1.122	1.276	1.358	1.357	1.414	1.346	1.282	1.258	1.236	1.364	0.887	1.077	1.410	1.320	1.270	1.044	1.021	1.128	0.983	1.280	1.292	1.380	1.058	1.362	0.969	1.285	0.969	0.945	0.332	0.329	0.372	0.357	0.349	0.338
20:00:07	1.155	1.074	0.764	1.073	1.186	1.237	0.963	1.100	1.380	1.207	1.263	1.032	0.868	0.822	1.037	1.173	1.306	1.276	1.277	1.095	1.179	0.894	1.206	1.361	0.803	0.847	0.954	1.145	1.154	1.352	1.308	1.399	1.337	1.150	1.343	1.379	0.781	0.994	1.178	1.382	1.320	1.392	1.317	1.394	1.290	1.278	1.299	1.323	0.830	0.917	1.115	1.442	1.201	1.375	1.468	1.346	1.299	1.104	1.304	1.198	0.905	0.851	1.136	1.287	1.371	1.368	1.422	1.350	1.293	1.259	1.244	1.371	0.902	1.091	1.425	1.328	1.276	1.059	1.022	1.135	0.983	1.287	1.299	1.381	1.070	1.373	0.957	1.292	0.967	0.956	0.335	0.330	0.359	0.338	0.366	0.341

