Kinetic read	A1	A2	A3	A4	A5	A6	A7	A8	A9	A10	A11	A12	B1	B2	B3	B4	B5	B6	B7	B8	B9	B10	B11	B12	C1	C2	C3	C4	C5	C6	C7	C8	C9	C10	C11	C12	D1	D2	D3	D4	D5	D6	D7	D8	D9	D10	D11	D12	E1	E2	E3	E4	E5	E6	E7	E8	E9	E10	E11	E12	F1	F2	F3	F4	F5	F6	F7	F8	F9	F10	F11	F12	G1	G2	G3	G4	G5	G6	G7	G8	G9	G10	G11	G12	H1	H2	H3	H4	H5	H6	H7	H8	H9	H10	H11	H12
0:00:07	0.094	0.100	0.089	0.094	0.096	0.088	0.069	0.068	0.070	0.069	0.068	0.068	0.086	0.087	0.078	0.078	0.084	0.079	0.075	0.075	0.076	0.076	0.077	0.075	0.097	0.096	0.096	0.089	0.096	0.095	0.067	0.068	0.068	0.067	0.067	0.067	0.090	0.084	0.085	0.076	0.080	0.086	0.082	0.076	0.076	0.075	0.075	0.075	0.097	0.095	0.096	0.091	0.091	0.100	0.102	0.091	0.089	0.089	0.089	0.103	0.084	0.087	0.081	0.081	0.078	0.082	0.083	0.083	0.079	0.075	0.076	0.076	0.091	0.099	0.092	0.095	0.090	0.093	0.096	0.095	0.103	0.094	0.090	0.090	0.081	0.082	0.078	0.082	0.079	0.077	0.082	0.083	0.083	0.081	0.077	0.076
0:10:07	0.087	0.090	0.088	0.088	0.088	0.086	0.073	0.076	0.071	0.077	0.077	0.068	0.076	0.078	0.076	0.075	0.076	0.075	0.074	0.074	0.074	0.075	0.076	0.074	0.090	0.089	0.088	0.087	0.089	0.088	0.066	0.078	0.081	0.081	0.081	0.067	0.083	0.079	0.077	0.075	0.076	0.078	0.076	0.075	0.074	0.074	0.074	0.074	0.089	0.089	0.089	0.088	0.089	0.093	0.094	0.088	0.087	0.087	0.088	0.096	0.077	0.078	0.075	0.075	0.076	0.076	0.076	0.077	0.076	0.074	0.075	0.074	0.088	0.090	0.089	0.089	0.088	0.089	0.089	0.089	0.096	0.091	0.089	0.088	0.076	0.076	0.076	0.076	0.075	0.076	0.076	0.076	0.077	0.077	0.075	0.074
0:20:07	0.086	0.088	0.087	0.088	0.087	0.086	0.078	0.080	0.112	0.087	0.096	0.093	0.075	0.076	0.075	0.075	0.075	0.074	0.074	0.074	0.074	0.075	0.075	0.073	0.088	0.087	0.088	0.087	0.088	0.087	0.071	0.087	0.088	0.092	0.112	0.105	0.082	0.078	0.075	0.074	0.075	0.076	0.075	0.074	0.074	0.073	0.074	0.074	0.088	0.087	0.087	0.088	0.088	0.092	0.093	0.088	0.087	0.086	0.087	0.091	0.075	0.076	0.074	0.074	0.076	0.075	0.074	0.076	0.075	0.073	0.075	0.074	0.088	0.090	0.090	0.091	0.089	0.092	0.089	0.089	0.092	0.090	0.089	0.088	0.075	0.075	0.075	0.075	0.074	0.075	0.075	0.075	0.076	0.076	0.075	0.074
0:30:07	0.085	0.087	0.087	0.088	0.086	0.086	0.084	0.107	0.156	0.122	0.132	0.099	0.074	0.076	0.075	0.074	0.074	0.073	0.074	0.074	0.074	0.074	0.075	0.073	0.090	0.090	0.089	0.089	0.091	0.091	0.081	0.104	0.106	0.121	0.148	0.150	0.081	0.077	0.075	0.074	0.075	0.075	0.075	0.074	0.074	0.073	0.073	0.074	0.096	0.096	0.097	0.098	0.095	0.101	0.103	0.099	0.098	0.094	0.093	0.095	0.075	0.075	0.073	0.074	0.075	0.075	0.073	0.076	0.075	0.073	0.075	0.074	0.093	0.102	0.103	0.104	0.101	0.104	0.104	0.105	0.104	0.101	0.098	0.093	0.074	0.074	0.075	0.074	0.074	0.075	0.075	0.075	0.075	0.075	0.075	0.074
0:40:07	0.086	0.088	0.088	0.089	0.090	0.093	0.106	0.137	0.188	0.150	0.162	0.101	0.074	0.075	0.074	0.074	0.074	0.073	0.074	0.073	0.074	0.074	0.075	0.073	0.094	0.094	0.093	0.095	0.095	0.095	0.112	0.135	0.137	0.155	0.184	0.185	0.081	0.077	0.075	0.074	0.075	0.075	0.075	0.074	0.073	0.073	0.073	0.073	0.099	0.100	0.102	0.103	0.100	0.107	0.108	0.104	0.112	0.107	0.115	0.126	0.074	0.075	0.073	0.073	0.075	0.074	0.073	0.075	0.074	0.073	0.074	0.073	0.097	0.106	0.109	0.114	0.111	0.115	0.117	0.119	0.121	0.118	0.121	0.119	0.074	0.074	0.075	0.074	0.074	0.074	0.075	0.074	0.075	0.075	0.074	0.073
0:50:07	0.086	0.089	0.093	0.099	0.108	0.116	0.131	0.161	0.212	0.172	0.183	0.102	0.074	0.075	0.074	0.074	0.074	0.073	0.074	0.073	0.074	0.074	0.075	0.073	0.095	0.095	0.094	0.097	0.101	0.098	0.144	0.162	0.163	0.184	0.213	0.211	0.081	0.077	0.074	0.074	0.075	0.075	0.074	0.074	0.073	0.073	0.073	0.074	0.100	0.103	0.110	0.121	0.105	0.129	0.118	0.127	0.146	0.138	0.147	0.158	0.074	0.075	0.073	0.073	0.075	0.074	0.073	0.075	0.074	0.073	0.074	0.073	0.097	0.114	0.126	0.143	0.136	0.143	0.147	0.152	0.154	0.150	0.153	0.148	0.074	0.074	0.075	0.074	0.074	0.074	0.075	0.074	0.075	0.075	0.074	0.073
1:00:07	0.087	0.090	0.102	0.118	0.129	0.139	0.153	0.181	0.232	0.189	0.201	0.103	0.074	0.075	0.074	0.074	0.074	0.073	0.073	0.073	0.074	0.074	0.075	0.073	0.095	0.096	0.096	0.114	0.118	0.116	0.173	0.184	0.184	0.206	0.236	0.233	0.081	0.077	0.074	0.074	0.074	0.075	0.074	0.074	0.073	0.073	0.073	0.073	0.101	0.108	0.126	0.147	0.113	0.156	0.140	0.154	0.173	0.166	0.172	0.182	0.074	0.075	0.073	0.073	0.075	0.074	0.073	0.075	0.074	0.073	0.074	0.073	0.097	0.124	0.149	0.169	0.158	0.168	0.173	0.181	0.182	0.177	0.179	0.172	0.074	0.074	0.074	0.074	0.074	0.074	0.075	0.074	0.075	0.075	0.074	0.073
1:10:07	0.088	0.092	0.115	0.136	0.148	0.159	0.170	0.198	0.248	0.202	0.216	0.103	0.074	0.075	0.074	0.074	0.074	0.073	0.073	0.073	0.073	0.074	0.075	0.073	0.095	0.096	0.103	0.131	0.133	0.133	0.194	0.203	0.202	0.225	0.255	0.250	0.081	0.077	0.074	0.074	0.074	0.075	0.074	0.074	0.073	0.073	0.073	0.073	0.101	0.112	0.144	0.169	0.124	0.179	0.162	0.178	0.195	0.188	0.193	0.202	0.074	0.075	0.073	0.073	0.075	0.074	0.073	0.075	0.074	0.073	0.074	0.073	0.097	0.136	0.168	0.191	0.177	0.188	0.195	0.205	0.206	0.199	0.201	0.191	0.074	0.073	0.075	0.074	0.073	0.074	0.075	0.074	0.075	0.075	0.074	0.073
1:20:07	0.088	0.093	0.126	0.152	0.165	0.176	0.185	0.212	0.261	0.214	0.230	0.103	0.073	0.075	0.074	0.074	0.074	0.073	0.073	0.073	0.074	0.074	0.075	0.073	0.095	0.096	0.113	0.146	0.146	0.148	0.210	0.220	0.216	0.241	0.271	0.265	0.081	0.077	0.074	0.074	0.075	0.075	0.074	0.074	0.073	0.073	0.073	0.073	0.101	0.114	0.160	0.188	0.138	0.199	0.183	0.198	0.215	0.206	0.211	0.219	0.074	0.075	0.073	0.073	0.075	0.074	0.073	0.075	0.074	0.073	0.074	0.073	0.097	0.147	0.185	0.210	0.194	0.206	0.214	0.224	0.225	0.217	0.219	0.207	0.074	0.074	0.075	0.074	0.074	0.074	0.074	0.074	0.075	0.075	0.074	0.073
1:30:07	0.088	0.094	0.136	0.165	0.179	0.191	0.198	0.224	0.273	0.224	0.241	0.103	0.074	0.075	0.074	0.074	0.074	0.073	0.073	0.073	0.073	0.074	0.075	0.073	0.095	0.096	0.120	0.157	0.158	0.161	0.225	0.232	0.229	0.255	0.283	0.276	0.080	0.077	0.074	0.073	0.074	0.075	0.074	0.073	0.073	0.073	0.073	0.073	0.101	0.116	0.173	0.204	0.152	0.216	0.200	0.215	0.230	0.221	0.226	0.233	0.074	0.074	0.073	0.073	0.075	0.074	0.073	0.075	0.074	0.073	0.074	0.073	0.096	0.157	0.200	0.226	0.208	0.222	0.228	0.240	0.240	0.233	0.234	0.221	0.073	0.073	0.074	0.074	0.073	0.074	0.074	0.074	0.075	0.075	0.074	0.073
1:40:07	0.089	0.094	0.145	0.178	0.192	0.204	0.210	0.235	0.282	0.233	0.252	0.103	0.074	0.075	0.074	0.074	0.074	0.073	0.074	0.073	0.074	0.074	0.075	0.073	0.095	0.097	0.128	0.168	0.169	0.173	0.237	0.244	0.239	0.267	0.295	0.287	0.081	0.077	0.074	0.074	0.075	0.075	0.074	0.074	0.073	0.073	0.073	0.073	0.101	0.118	0.185	0.218	0.165	0.231	0.216	0.230	0.243	0.235	0.240	0.246	0.074	0.075	0.073	0.073	0.075	0.074	0.073	0.075	0.074	0.073	0.074	0.073	0.096	0.166	0.214	0.241	0.221	0.236	0.242	0.254	0.254	0.247	0.246	0.233	0.074	0.073	0.074	0.074	0.074	0.075	0.075	0.074	0.075	0.075	0.074	0.073
1:50:07	0.089	0.095	0.154	0.189	0.203	0.215	0.221	0.244	0.291	0.240	0.261	0.103	0.073	0.075	0.074	0.074	0.074	0.073	0.073	0.073	0.073	0.074	0.074	0.073	0.095	0.096	0.135	0.178	0.179	0.184	0.247	0.253	0.248	0.278	0.305	0.296	0.081	0.077	0.074	0.073	0.074	0.075	0.074	0.074	0.073	0.073	0.073	0.073	0.101	0.119	0.195	0.229	0.177	0.244	0.230	0.243	0.255	0.246	0.252	0.256	0.074	0.075	0.073	0.073	0.075	0.074	0.073	0.075	0.074	0.073	0.074	0.073	0.096	0.173	0.224	0.252	0.232	0.246	0.253	0.265	0.265	0.259	0.257	0.244	0.074	0.073	0.074	0.074	0.073	0.074	0.075	0.074	0.075	0.075	0.074	0.073
2:00:07	0.089	0.095	0.162	0.199	0.213	0.226	0.231	0.251	0.297	0.248	0.268	0.102	0.073	0.075	0.074	0.074	0.073	0.073	0.073	0.073	0.073	0.074	0.074	0.072	0.095	0.096	0.146	0.187	0.188	0.194	0.257	0.262	0.255	0.286	0.315	0.304	0.080	0.076	0.074	0.073	0.074	0.075	0.074	0.073	0.073	0.073	0.073	0.073	0.100	0.120	0.204	0.239	0.189	0.256	0.243	0.254	0.265	0.256	0.262	0.264	0.074	0.074	0.073	0.073	0.075	0.074	0.072	0.075	0.074	0.072	0.074	0.073	0.096	0.180	0.234	0.263	0.242	0.255	0.263	0.275	0.276	0.269	0.266	0.254	0.074	0.073	0.074	0.074	0.073	0.074	0.074	0.074	0.075	0.075	0.074	0.073
2:10:07	0.089	0.096	0.169	0.208	0.222	0.236	0.240	0.259	0.306	0.254	0.276	0.102	0.073	0.075	0.074	0.074	0.073	0.073	0.073	0.073	0.073	0.074	0.074	0.073	0.095	0.096	0.147	0.195	0.197	0.203	0.265	0.271	0.262	0.293	0.322	0.312	0.080	0.076	0.074	0.073	0.074	0.075	0.074	0.074	0.073	0.073	0.073	0.073	0.100	0.121	0.212	0.250	0.199	0.267	0.254	0.265	0.275	0.266	0.271	0.272	0.074	0.075	0.073	0.073	0.075	0.074	0.072	0.075	0.074	0.072	0.074	0.073	0.095	0.187	0.243	0.274	0.251	0.264	0.272	0.284	0.286	0.278	0.274	0.263	0.074	0.073	0.074	0.074	0.073	0.074	0.074	0.074	0.075	0.075	0.074	0.073
2:20:07	0.089	0.096	0.176	0.217	0.231	0.245	0.249	0.266	0.312	0.260	0.282	0.101	0.074	0.075	0.074	0.074	0.073	0.073	0.073	0.073	0.073	0.074	0.074	0.072	0.095	0.096	0.153	0.203	0.204	0.212	0.272	0.276	0.268	0.299	0.330	0.319	0.080	0.076	0.074	0.073	0.074	0.075	0.074	0.073	0.073	0.072	0.073	0.073	0.100	0.121	0.220	0.258	0.209	0.276	0.264	0.275	0.284	0.273	0.279	0.279	0.074	0.075	0.073	0.073	0.075	0.074	0.072	0.075	0.074	0.072	0.074	0.073	0.095	0.193	0.252	0.282	0.260	0.271	0.279	0.291	0.294	0.285	0.280	0.269	0.074	0.073	0.074	0.074	0.073	0.074	0.074	0.074	0.074	0.075	0.074	0.073
2:30:07	0.089	0.096	0.182	0.225	0.239	0.254	0.256	0.273	0.319	0.265	0.289	0.100	0.073	0.075	0.074	0.074	0.074	0.073	0.073	0.073	0.073	0.074	0.074	0.073	0.095	0.097	0.158	0.210	0.211	0.222	0.278	0.283	0.274	0.306	0.336	0.325	0.080	0.077	0.074	0.074	0.074	0.075	0.074	0.074	0.073	0.073	0.073	0.073	0.101	0.121	0.228	0.266	0.219	0.285	0.273	0.283	0.291	0.279	0.286	0.286	0.074	0.075	0.073	0.073	0.075	0.074	0.073	0.075	0.074	0.073	0.074	0.073	0.096	0.199	0.259	0.290	0.266	0.279	0.287	0.299	0.300	0.293	0.287	0.275	0.074	0.073	0.074	0.074	0.073	0.074	0.074	0.074	0.075	0.075	0.074	0.073
2:40:07	0.089	0.096	0.188	0.232	0.246	0.262	0.262	0.279	0.323	0.270	0.293	0.099	0.073	0.075	0.074	0.074	0.073	0.073	0.073	0.073	0.073	0.074	0.075	0.073	0.095	0.096	0.162	0.217	0.219	0.230	0.284	0.289	0.278	0.311	0.340	0.329	0.080	0.077	0.074	0.073	0.074	0.075	0.074	0.074	0.073	0.072	0.073	0.073	0.100	0.121	0.234	0.272	0.228	0.292	0.281	0.290	0.297	0.285	0.291	0.293	0.074	0.075	0.073	0.073	0.075	0.074	0.073	0.075	0.074	0.072	0.074	0.073	0.095	0.204	0.267	0.297	0.274	0.285	0.292	0.305	0.305	0.300	0.291	0.280	0.073	0.073	0.074	0.074	0.073	0.074	0.075	0.074	0.075	0.075	0.074	0.073
2:50:07	0.089	0.097	0.194	0.239	0.253	0.268	0.268	0.284	0.328	0.274	0.298	0.098	0.073	0.075	0.074	0.074	0.074	0.073	0.073	0.073	0.073	0.074	0.075	0.072	0.095	0.096	0.168	0.223	0.225	0.237	0.289	0.295	0.282	0.316	0.345	0.334	0.080	0.077	0.074	0.074	0.074	0.075	0.074	0.073	0.073	0.073	0.073	0.073	0.100	0.122	0.241	0.279	0.236	0.299	0.289	0.296	0.303	0.289	0.297	0.297	0.074	0.074	0.073	0.073	0.075	0.074	0.073	0.075	0.074	0.073	0.074	0.073	0.095	0.209	0.274	0.304	0.280	0.290	0.297	0.312	0.309	0.306	0.296	0.286	0.074	0.073	0.074	0.074	0.073	0.074	0.074	0.074	0.075	0.075	0.074	0.073
3:00:07	0.089	0.097	0.199	0.246	0.259	0.274	0.274	0.290	0.332	0.279	0.302	0.096	0.073	0.075	0.074	0.074	0.073	0.073	0.073	0.073	0.073	0.074	0.074	0.072	0.095	0.096	0.171	0.229	0.232	0.245	0.293	0.299	0.286	0.321	0.349	0.338	0.080	0.077	0.074	0.073	0.074	0.075	0.074	0.073	0.073	0.073	0.073	0.073	0.101	0.122	0.247	0.284	0.244	0.305	0.297	0.303	0.307	0.293	0.301	0.301	0.074	0.074	0.073	0.073	0.075	0.074	0.072	0.075	0.074	0.072	0.074	0.073	0.095	0.214	0.279	0.310	0.285	0.294	0.301	0.315	0.313	0.311	0.301	0.293	0.074	0.073	0.074	0.074	0.073	0.074	0.074	0.074	0.074	0.075	0.074	0.073
3:10:07	0.089	0.097	0.204	0.253	0.266	0.280	0.280	0.294	0.335	0.283	0.305	0.095	0.073	0.075	0.074	0.074	0.074	0.073	0.073	0.073	0.073	0.074	0.075	0.073	0.095	0.096	0.176	0.235	0.238	0.252	0.297	0.303	0.290	0.325	0.353	0.340	0.081	0.077	0.074	0.073	0.074	0.075	0.074	0.073	0.073	0.073	0.073	0.073	0.100	0.122	0.252	0.290	0.252	0.311	0.304	0.309	0.309	0.297	0.306	0.303	0.074	0.075	0.073	0.073	0.075	0.074	0.073	0.075	0.074	0.073	0.074	0.073	0.095	0.219	0.285	0.316	0.290	0.299	0.305	0.318	0.318	0.317	0.304	0.297	0.074	0.073	0.074	0.074	0.073	0.074	0.075	0.074	0.074	0.075	0.074	0.073
3:20:07	0.089	0.097	0.209	0.258	0.272	0.286	0.285	0.299	0.339	0.286	0.307	0.093	0.073	0.075	0.074	0.073	0.073	0.073	0.073	0.073	0.073	0.074	0.074	0.072	0.095	0.096	0.180	0.240	0.244	0.259	0.301	0.306	0.292	0.329	0.357	0.343	0.080	0.076	0.074	0.073	0.074	0.074	0.074	0.073	0.073	0.073	0.073	0.073	0.101	0.122	0.257	0.295	0.258	0.315	0.309	0.314	0.311	0.302	0.310	0.307	0.074	0.075	0.073	0.073	0.075	0.074	0.073	0.075	0.074	0.072	0.074	0.073	0.095	0.224	0.291	0.321	0.294	0.302	0.308	0.322	0.324	0.320	0.308	0.301	0.074	0.073	0.074	0.074	0.073	0.074	0.074	0.074	0.074	0.075	0.074	0.073
3:30:07	0.089	0.097	0.214	0.264	0.277	0.291	0.291	0.302	0.342	0.287	0.310	0.090	0.073	0.075	0.074	0.073	0.073	0.072	0.073	0.073	0.073	0.074	0.074	0.072	0.095	0.096	0.184	0.246	0.249	0.266	0.304	0.310	0.296	0.333	0.359	0.346	0.080	0.076	0.074	0.073	0.074	0.074	0.074	0.073	0.073	0.072	0.072	0.073	0.100	0.122	0.262	0.298	0.265	0.320	0.314	0.319	0.315	0.307	0.315	0.308	0.074	0.074	0.072	0.073	0.075	0.073	0.072	0.075	0.074	0.072	0.074	0.073	0.095	0.228	0.295	0.326	0.299	0.305	0.311	0.326	0.325	0.324	0.313	0.303	0.073	0.073	0.074	0.074	0.073	0.074	0.074	0.074	0.074	0.075	0.074	0.073
3:40:07	0.089	0.097	0.218	0.269	0.283	0.296	0.296	0.306	0.346	0.287	0.310	0.088	0.073	0.075	0.074	0.073	0.073	0.073	0.073	0.073	0.073	0.074	0.074	0.072	0.095	0.096	0.188	0.251	0.253	0.270	0.307	0.312	0.298	0.335	0.362	0.348	0.080	0.077	0.074	0.073	0.074	0.074	0.074	0.073	0.073	0.072	0.073	0.073	0.101	0.122	0.267	0.304	0.271	0.325	0.319	0.323	0.318	0.309	0.319	0.311	0.074	0.074	0.073	0.073	0.074	0.074	0.073	0.075	0.074	0.072	0.074	0.073	0.095	0.232	0.300	0.328	0.303	0.310	0.314	0.328	0.327	0.329	0.318	0.306	0.074	0.073	0.074	0.074	0.073	0.074	0.074	0.074	0.075	0.075	0.074	0.073
3:50:07	0.090	0.098	0.223	0.275	0.287	0.300	0.299	0.310	0.349	0.290	0.312	0.085	0.073	0.075	0.074	0.074	0.073	0.073	0.073	0.073	0.073	0.074	0.075	0.072	0.095	0.096	0.191	0.256	0.258	0.275	0.310	0.316	0.300	0.338	0.364	0.351	0.081	0.077	0.074	0.073	0.074	0.074	0.074	0.073	0.073	0.073	0.073	0.073	0.101	0.123	0.272	0.308	0.278	0.329	0.324	0.326	0.319	0.311	0.323	0.313	0.074	0.074	0.072	0.073	0.075	0.074	0.073	0.075	0.074	0.073	0.074	0.073	0.095	0.237	0.304	0.331	0.307	0.313	0.318	0.333	0.329	0.331	0.322	0.307	0.074	0.073	0.074	0.074	0.073	0.074	0.074	0.074	0.074	0.075	0.074	0.073
4:00:07	0.089	0.098	0.227	0.279	0.292	0.304	0.303	0.311	0.352	0.292	0.314	0.081	0.073	0.075	0.074	0.073	0.073	0.072	0.073	0.073	0.073	0.074	0.074	0.072	0.095	0.097	0.195	0.261	0.262	0.280	0.312	0.320	0.302	0.341	0.367	0.354	0.080	0.077	0.074	0.073	0.074	0.074	0.074	0.073	0.073	0.072	0.073	0.073	0.101	0.123	0.276	0.312	0.282	0.333	0.329	0.329	0.322	0.314	0.322	0.314	0.074	0.074	0.072	0.073	0.075	0.074	0.072	0.075	0.074	0.072	0.074	0.073	0.095	0.240	0.308	0.335	0.312	0.315	0.320	0.333	0.330	0.335	0.325	0.308	0.073	0.073	0.074	0.074	0.073	0.074	0.074	0.074	0.074	0.075	0.074	0.073
4:10:07	0.090	0.098	0.232	0.284	0.297	0.309	0.307	0.314	0.354	0.292	0.315	0.079	0.073	0.075	0.074	0.074	0.073	0.073	0.073	0.073	0.073	0.074	0.075	0.073	0.095	0.097	0.199	0.266	0.267	0.286	0.315	0.323	0.300	0.342	0.369	0.357	0.080	0.077	0.074	0.073	0.074	0.075	0.074	0.073	0.073	0.073	0.073	0.073	0.101	0.123	0.280	0.316	0.288	0.337	0.331	0.329	0.326	0.317	0.324	0.314	0.074	0.074	0.073	0.073	0.075	0.074	0.073	0.075	0.074	0.073	0.074	0.073	0.095	0.244	0.313	0.338	0.315	0.317	0.325	0.334	0.332	0.338	0.327	0.307	0.074	0.073	0.074	0.074	0.073	0.074	0.074	0.074	0.075	0.075	0.074	0.073
4:20:07	0.090	0.098	0.236	0.288	0.302	0.314	0.311	0.316	0.356	0.294	0.315	0.076	0.073	0.075	0.074	0.074	0.074	0.073	0.073	0.073	0.073	0.074	0.074	0.073	0.095	0.096	0.202	0.270	0.271	0.289	0.317	0.324	0.301	0.343	0.370	0.358	0.080	0.076	0.074	0.073	0.074	0.075	0.074	0.073	0.073	0.073	0.073	0.073	0.101	0.124	0.284	0.319	0.293	0.340	0.336	0.330	0.330	0.317	0.326	0.319	0.074	0.074	0.073	0.073	0.075	0.074	0.073	0.075	0.074	0.072	0.074	0.073	0.095	0.248	0.317	0.341	0.316	0.321	0.328	0.337	0.336	0.340	0.329	0.309	0.073	0.073	0.074	0.074	0.073	0.074	0.074	0.073	0.074	0.075	0.074	0.073
4:30:07	0.090	0.099	0.240	0.291	0.305	0.316	0.314	0.320	0.359	0.296	0.317	0.074	0.073	0.074	0.074	0.073	0.073	0.073	0.073	0.073	0.073	0.074	0.074	0.072	0.095	0.096	0.205	0.274	0.275	0.293	0.318	0.326	0.304	0.346	0.372	0.361	0.080	0.077	0.074	0.073	0.074	0.074	0.074	0.073	0.073	0.072	0.073	0.073	0.101	0.124	0.288	0.322	0.298	0.343	0.338	0.332	0.331	0.320	0.329	0.323	0.074	0.074	0.073	0.073	0.075	0.074	0.072	0.075	0.074	0.072	0.074	0.073	0.095	0.251	0.320	0.342	0.320	0.323	0.331	0.339	0.338	0.342	0.329	0.310	0.073	0.073	0.074	0.074	0.073	0.074	0.074	0.074	0.074	0.075	0.074	0.073
4:40:07	0.090	0.100	0.244	0.296	0.309	0.318	0.318	0.321	0.360	0.299	0.319	0.073	0.073	0.075	0.074	0.074	0.073	0.073	0.073	0.073	0.073	0.074	0.074	0.073	0.095	0.096	0.208	0.279	0.278	0.297	0.320	0.326	0.304	0.349	0.368	0.364	0.080	0.077	0.074	0.073	0.074	0.075	0.074	0.073	0.073	0.072	0.073	0.073	0.102	0.124	0.292	0.325	0.302	0.344	0.340	0.334	0.333	0.319	0.333	0.320	0.074	0.075	0.073	0.073	0.075	0.074	0.073	0.075	0.074	0.072	0.074	0.073	0.095	0.255	0.324	0.345	0.322	0.324	0.329	0.340	0.340	0.341	0.331	0.311	0.074	0.073	0.074	0.074	0.073	0.074	0.074	0.074	0.074	0.075	0.074	0.073
4:50:07	0.091	0.100	0.248	0.300	0.313	0.321	0.319	0.325	0.361	0.299	0.320	0.073	0.073	0.074	0.074	0.073	0.073	0.073	0.073	0.073	0.073	0.074	0.074	0.073	0.095	0.096	0.212	0.282	0.281	0.301	0.323	0.329	0.306	0.353	0.368	0.365	0.080	0.076	0.074	0.073	0.074	0.074	0.074	0.073	0.073	0.072	0.072	0.073	0.103	0.125	0.297	0.328	0.306	0.347	0.344	0.336	0.335	0.323	0.336	0.321	0.074	0.074	0.073	0.073	0.074	0.073	0.072	0.075	0.074	0.072	0.073	0.073	0.094	0.258	0.327	0.347	0.324	0.325	0.328	0.339	0.342	0.342	0.333	0.314	0.073	0.073	0.074	0.074	0.073	0.074	0.074	0.074	0.074	0.075	0.074	0.073
5:00:07	0.092	0.102	0.252	0.304	0.318	0.325	0.322	0.328	0.362	0.298	0.321	0.073	0.073	0.075	0.074	0.074	0.074	0.073	0.073	0.073	0.073	0.074	0.075	0.073	0.095	0.096	0.215	0.287	0.285	0.303	0.324	0.330	0.308	0.354	0.370	0.364	0.080	0.077	0.074	0.073	0.074	0.074	0.074	0.073	0.073	0.073	0.073	0.073	0.104	0.126	0.303	0.332	0.311	0.351	0.347	0.337	0.337	0.325	0.340	0.323	0.074	0.074	0.073	0.073	0.075	0.074	0.073	0.075	0.074	0.072	0.074	0.073	0.095	0.261	0.329	0.350	0.326	0.327	0.332	0.342	0.343	0.344	0.332	0.316	0.074	0.073	0.074	0.074	0.073	0.074	0.075	0.074	0.075	0.075	0.074	0.073
5:10:07	0.093	0.104	0.257	0.308	0.323	0.330	0.324	0.329	0.365	0.299	0.322	0.073	0.073	0.075	0.074	0.074	0.073	0.072	0.073	0.073	0.073	0.074	0.075	0.073	0.095	0.096	0.218	0.290	0.288	0.306	0.327	0.330	0.309	0.355	0.369	0.363	0.080	0.076	0.074	0.073	0.074	0.074	0.074	0.073	0.073	0.073	0.072	0.073	0.106	0.127	0.308	0.334	0.317	0.355	0.350	0.339	0.342	0.321	0.344	0.327	0.074	0.074	0.073	0.073	0.075	0.074	0.072	0.075	0.074	0.073	0.074	0.073	0.094	0.264	0.332	0.351	0.329	0.326	0.331	0.345	0.343	0.339	0.332	0.319	0.074	0.073	0.074	0.074	0.073	0.074	0.074	0.074	0.074	0.075	0.074	0.073
5:20:07	0.095	0.106	0.262	0.313	0.328	0.330	0.326	0.331	0.365	0.301	0.321	0.073	0.073	0.075	0.074	0.073	0.073	0.072	0.073	0.073	0.073	0.074	0.074	0.072	0.095	0.097	0.221	0.294	0.291	0.309	0.328	0.332	0.310	0.355	0.370	0.365	0.080	0.077	0.074	0.073	0.074	0.075	0.074	0.073	0.073	0.073	0.073	0.073	0.109	0.129	0.314	0.339	0.322	0.358	0.356	0.341	0.343	0.326	0.346	0.331	0.074	0.074	0.072	0.073	0.075	0.074	0.072	0.075	0.074	0.072	0.074	0.073	0.094	0.267	0.334	0.352	0.330	0.327	0.332	0.344	0.342	0.342	0.335	0.321	0.073	0.073	0.074	0.074	0.073	0.074	0.074	0.073	0.074	0.075	0.074	0.073
5:30:07	0.097	0.110	0.267	0.317	0.336	0.330	0.328	0.333	0.366	0.302	0.324	0.073	0.073	0.075	0.074	0.074	0.073	0.072	0.073	0.073	0.073	0.073	0.074	0.072	0.095	0.097	0.224	0.298	0.294	0.310	0.330	0.334	0.311	0.357	0.371	0.366	0.080	0.076	0.074	0.073	0.074	0.074	0.074	0.073	0.073	0.073	0.072	0.073	0.113	0.132	0.323	0.345	0.328	0.363	0.361	0.344	0.344	0.332	0.352	0.333	0.074	0.074	0.072	0.073	0.075	0.074	0.072	0.075	0.074	0.072	0.074	0.073	0.094	0.270	0.337	0.350	0.331	0.328	0.329	0.343	0.341	0.345	0.335	0.321	0.073	0.073	0.074	0.074	0.073	0.074	0.074	0.073	0.074	0.075	0.074	0.073
5:40:07	0.102	0.116	0.274	0.324	0.343	0.335	0.331	0.335	0.364	0.303	0.324	0.073	0.073	0.075	0.074	0.074	0.073	0.073	0.073	0.073	0.073	0.074	0.074	0.072	0.095	0.097	0.227	0.302	0.297	0.314	0.331	0.334	0.314	0.357	0.371	0.367	0.080	0.076	0.074	0.073	0.074	0.075	0.074	0.073	0.073	0.073	0.073	0.073	0.118	0.137	0.333	0.351	0.335	0.372	0.367	0.350	0.350	0.338	0.356	0.340	0.074	0.074	0.073	0.073	0.075	0.074	0.073	0.075	0.074	0.072	0.074	0.073	0.095	0.273	0.338	0.353	0.335	0.330	0.327	0.345	0.336	0.347	0.336	0.321	0.073	0.073	0.074	0.074	0.073	0.074	0.074	0.073	0.074	0.075	0.074	0.073
5:50:07	0.107	0.123	0.282	0.331	0.353	0.339	0.328	0.334	0.366	0.304	0.322	0.073	0.073	0.075	0.074	0.074	0.073	0.073	0.073	0.073	0.073	0.074	0.074	0.072	0.095	0.097	0.230	0.306	0.300	0.317	0.332	0.333	0.313	0.359	0.371	0.365	0.080	0.077	0.074	0.073	0.074	0.074	0.074	0.073	0.073	0.073	0.073	0.073	0.128	0.143	0.345	0.358	0.343	0.379	0.375	0.358	0.350	0.340	0.366	0.348	0.074	0.074	0.073	0.073	0.075	0.074	0.073	0.075	0.074	0.072	0.074	0.073	0.094	0.276	0.339	0.352	0.337	0.332	0.329	0.347	0.337	0.348	0.336	0.322	0.074	0.073	0.074	0.074	0.073	0.074	0.074	0.074	0.075	0.075	0.074	0.073
6:00:07	0.115	0.133	0.293	0.341	0.366	0.346	0.329	0.335	0.365	0.305	0.323	0.073	0.073	0.075	0.074	0.074	0.073	0.073	0.073	0.073	0.073	0.074	0.074	0.073	0.095	0.097	0.232	0.308	0.303	0.320	0.331	0.336	0.315	0.357	0.371	0.367	0.080	0.077	0.074	0.073	0.074	0.074	0.074	0.073	0.073	0.073	0.073	0.073	0.137	0.153	0.360	0.365	0.355	0.386	0.385	0.369	0.360	0.350	0.369	0.358	0.074	0.075	0.073	0.073	0.075	0.074	0.073	0.075	0.074	0.072	0.074	0.073	0.094	0.279	0.342	0.351	0.340	0.334	0.331	0.347	0.337	0.345	0.335	0.324	0.073	0.073	0.074	0.074	0.073	0.074	0.074	0.074	0.075	0.075	0.074	0.073
6:10:07	0.126	0.146	0.307	0.352	0.380	0.356	0.331	0.336	0.366	0.307	0.323	0.073	0.073	0.075	0.074	0.073	0.073	0.072	0.073	0.073	0.073	0.073	0.074	0.072	0.095	0.097	0.234	0.311	0.306	0.324	0.329	0.337	0.313	0.354	0.373	0.366	0.080	0.076	0.073	0.073	0.074	0.074	0.074	0.073	0.073	0.072	0.072	0.073	0.147	0.163	0.377	0.378	0.368	0.398	0.395	0.379	0.374	0.357	0.380	0.365	0.074	0.074	0.072	0.073	0.074	0.074	0.073	0.075	0.074	0.072	0.074	0.073	0.094	0.281	0.343	0.353	0.340	0.331	0.329	0.348	0.336	0.343	0.334	0.326	0.073	0.073	0.074	0.074	0.073	0.074	0.074	0.073	0.074	0.075	0.074	0.073
6:20:07	0.136	0.159	0.323	0.367	0.393	0.367	0.334	0.338	0.367	0.309	0.325	0.073	0.073	0.075	0.074	0.074	0.074	0.073	0.073	0.073	0.073	0.074	0.074	0.072	0.095	0.097	0.238	0.315	0.308	0.326	0.327	0.337	0.315	0.355	0.376	0.367	0.080	0.077	0.074	0.073	0.074	0.074	0.074	0.073	0.073	0.073	0.073	0.073	0.161	0.175	0.394	0.392	0.382	0.405	0.411	0.391	0.391	0.370	0.394	0.376	0.074	0.075	0.073	0.073	0.075	0.074	0.073	0.075	0.074	0.072	0.074	0.073	0.094	0.284	0.344	0.356	0.341	0.334	0.330	0.351	0.330	0.345	0.335	0.323	0.074	0.073	0.074	0.074	0.073	0.074	0.074	0.074	0.074	0.075	0.074	0.073
6:30:07	0.149	0.176	0.340	0.382	0.410	0.381	0.332	0.334	0.367	0.311	0.327	0.073	0.073	0.075	0.074	0.074	0.073	0.073	0.073	0.073	0.073	0.074	0.074	0.072	0.095	0.097	0.241	0.317	0.308	0.328	0.327	0.336	0.315	0.357	0.378	0.367	0.080	0.077	0.074	0.073	0.074	0.074	0.074	0.073	0.073	0.072	0.072	0.073	0.179	0.191	0.414	0.406	0.398	0.417	0.429	0.405	0.407	0.381	0.410	0.390	0.074	0.074	0.073	0.073	0.075	0.074	0.072	0.075	0.074	0.072	0.074	0.073	0.094	0.287	0.346	0.358	0.338	0.335	0.332	0.346	0.332	0.348	0.335	0.327	0.073	0.073	0.074	0.074	0.073	0.074	0.074	0.074	0.074	0.075	0.074	0.073
6:40:07	0.167	0.195	0.360	0.402	0.431	0.396	0.332	0.333	0.369	0.313	0.324	0.073	0.073	0.075	0.074	0.074	0.073	0.072	0.073	0.073	0.073	0.074	0.074	0.072	0.095	0.097	0.242	0.319	0.310	0.327	0.328	0.339	0.318	0.358	0.381	0.369	0.080	0.076	0.074	0.073	0.074	0.074	0.074	0.073	0.073	0.073	0.072	0.073	0.201	0.213	0.439	0.428	0.417	0.433	0.451	0.426	0.434	0.400	0.433	0.411	0.074	0.074	0.072	0.073	0.075	0.074	0.072	0.075	0.074	0.072	0.074	0.073	0.094	0.289	0.344	0.355	0.340	0.330	0.333	0.348	0.334	0.350	0.335	0.328	0.073	0.073	0.074	0.074	0.073	0.074	0.074	0.073	0.074	0.075	0.074	0.073
6:50:07	0.187	0.221	0.383	0.427	0.452	0.417	0.331	0.334	0.371	0.312	0.326	0.073	0.073	0.075	0.074	0.073	0.073	0.072	0.073	0.073	0.073	0.074	0.074	0.072	0.095	0.097	0.245	0.322	0.313	0.329	0.329	0.340	0.318	0.361	0.377	0.372	0.080	0.076	0.074	0.073	0.074	0.074	0.074	0.073	0.073	0.072	0.072	0.073	0.223	0.237	0.466	0.454	0.442	0.457	0.482	0.450	0.463	0.422	0.448	0.430	0.074	0.074	0.072	0.073	0.075	0.074	0.072	0.075	0.074	0.072	0.074	0.073	0.094	0.292	0.345	0.355	0.339	0.330	0.336	0.349	0.334	0.346	0.331	0.329	0.073	0.073	0.074	0.074	0.073	0.074	0.074	0.074	0.074	0.075	0.074	0.073
7:00:07	0.216	0.248	0.413	0.457	0.478	0.443	0.334	0.336	0.372	0.314	0.324	0.073	0.073	0.075	0.074	0.074	0.074	0.073	0.073	0.073	0.073	0.074	0.075	0.073	0.095	0.097	0.251	0.324	0.314	0.332	0.331	0.342	0.317	0.353	0.377	0.374	0.080	0.077	0.074	0.073	0.074	0.074	0.074	0.073	0.073	0.073	0.073	0.073	0.251	0.277	0.499	0.487	0.471	0.483	0.520	0.481	0.494	0.448	0.479	0.463	0.074	0.075	0.073	0.073	0.075	0.074	0.073	0.075	0.074	0.073	0.074	0.073	0.094	0.295	0.349	0.357	0.342	0.332	0.339	0.351	0.334	0.344	0.332	0.326	0.074	0.073	0.074	0.074	0.073	0.074	0.074	0.074	0.075	0.075	0.074	0.073
7:10:07	0.245	0.275	0.443	0.475	0.501	0.467	0.335	0.337	0.374	0.316	0.323	0.073	0.073	0.075	0.074	0.074	0.073	0.072	0.073	0.073	0.073	0.074	0.074	0.073	0.095	0.098	0.249	0.326	0.317	0.332	0.331	0.342	0.313	0.355	0.378	0.376	0.080	0.077	0.074	0.073	0.074	0.074	0.074	0.073	0.073	0.072	0.073	0.073	0.270	0.307	0.530	0.511	0.506	0.505	0.562	0.503	0.534	0.478	0.520	0.494	0.074	0.074	0.072	0.073	0.075	0.074	0.072	0.075	0.074	0.072	0.074	0.073	0.094	0.296	0.349	0.354	0.344	0.334	0.340	0.352	0.336	0.347	0.333	0.329	0.074	0.073	0.074	0.074	0.073	0.074	0.074	0.074	0.074	0.075	0.074	0.073
7:20:07	0.278	0.310	0.482	0.527	0.531	0.491	0.337	0.338	0.373	0.314	0.324	0.073	0.073	0.074	0.074	0.074	0.073	0.072	0.073	0.073	0.073	0.074	0.074	0.072	0.095	0.098	0.258	0.326	0.318	0.331	0.333	0.344	0.315	0.355	0.378	0.377	0.080	0.076	0.074	0.073	0.074	0.074	0.074	0.073	0.073	0.072	0.073	0.073	0.301	0.330	0.561	0.539	0.523	0.531	0.594	0.528	0.571	0.508	0.552	0.525	0.074	0.074	0.072	0.073	0.074	0.073	0.072	0.075	0.074	0.072	0.074	0.073	0.094	0.299	0.351	0.356	0.343	0.337	0.342	0.353	0.339	0.348	0.337	0.331	0.073	0.073	0.074	0.075	0.073	0.074	0.074	0.074	0.074	0.075	0.074	0.073
7:30:07	0.318	0.337	0.523	0.548	0.563	0.518	0.339	0.340	0.375	0.310	0.325	0.073	0.073	0.075	0.074	0.073	0.074	0.073	0.073	0.073	0.073	0.073	0.074	0.072	0.095	0.098	0.253	0.328	0.320	0.332	0.334	0.346	0.317	0.358	0.379	0.379	0.080	0.076	0.074	0.073	0.074	0.075	0.074	0.073	0.073	0.072	0.073	0.073	0.330	0.366	0.595	0.570	0.550	0.565	0.632	0.561	0.603	0.545	0.591	0.558	0.074	0.074	0.072	0.073	0.074	0.074	0.072	0.075	0.074	0.072	0.073	0.073	0.094	0.301	0.353	0.357	0.339	0.337	0.344	0.353	0.333	0.338	0.339	0.324	0.073	0.073	0.074	0.075	0.073	0.074	0.074	0.074	0.074	0.075	0.074	0.073
7:40:07	0.346	0.370	0.556	0.578	0.593	0.552	0.341	0.340	0.376	0.312	0.327	0.073	0.073	0.075	0.074	0.073	0.073	0.072	0.073	0.073	0.073	0.073	0.074	0.072	0.095	0.098	0.256	0.330	0.320	0.333	0.335	0.348	0.318	0.360	0.378	0.377	0.080	0.076	0.074	0.073	0.074	0.074	0.074	0.073	0.073	0.072	0.072	0.073	0.368	0.397	0.632	0.604	0.581	0.598	0.667	0.598	0.644	0.588	0.625	0.590	0.074	0.074	0.072	0.073	0.075	0.074	0.072	0.075	0.074	0.072	0.073	0.073	0.094	0.303	0.355	0.359	0.340	0.338	0.346	0.356	0.333	0.342	0.337	0.327	0.073	0.073	0.074	0.075	0.073	0.074	0.074	0.073	0.074	0.075	0.074	0.073
7:50:07	0.386	0.404	0.594	0.614	0.621	0.583	0.341	0.340	0.374	0.314	0.327	0.073	0.073	0.075	0.074	0.073	0.073	0.073	0.073	0.073	0.073	0.074	0.074	0.072	0.095	0.097	0.266	0.330	0.322	0.335	0.336	0.345	0.321	0.362	0.380	0.378	0.080	0.077	0.075	0.073	0.074	0.074	0.074	0.073	0.073	0.072	0.072	0.073	0.400	0.440	0.669	0.638	0.608	0.632	0.703	0.625	0.678	0.635	0.672	0.640	0.074	0.074	0.073	0.073	0.075	0.074	0.073	0.075	0.074	0.072	0.074	0.073	0.094	0.305	0.355	0.353	0.344	0.337	0.345	0.354	0.335	0.342	0.340	0.326	0.074	0.073	0.074	0.076	0.073	0.074	0.074	0.074	0.074	0.075	0.074	0.073
8:00:07	0.417	0.430	0.621	0.650	0.648	0.612	0.342	0.339	0.374	0.316	0.330	0.073	0.073	0.075	0.074	0.073	0.073	0.073	0.073	0.073	0.073	0.074	0.074	0.072	0.095	0.098	0.261	0.332	0.325	0.335	0.337	0.347	0.322	0.364	0.381	0.380	0.080	0.076	0.075	0.073	0.074	0.074	0.074	0.073	0.073	0.072	0.073	0.073	0.427	0.472	0.705	0.667	0.631	0.659	0.742	0.656	0.714	0.690	0.730	0.696	0.074	0.074	0.072	0.073	0.075	0.074	0.072	0.075	0.074	0.072	0.074	0.073	0.094	0.307	0.355	0.354	0.346	0.339	0.347	0.356	0.335	0.341	0.342	0.328	0.073	0.073	0.074	0.077	0.073	0.074	0.074	0.074	0.074	0.075	0.074	0.073
8:10:07	0.464	0.455	0.654	0.678	0.676	0.644	0.341	0.341	0.377	0.317	0.332	0.073	0.073	0.075	0.074	0.073	0.073	0.072	0.073	0.073	0.073	0.074	0.074	0.072	0.095	0.097	0.263	0.333	0.325	0.337	0.338	0.348	0.322	0.363	0.378	0.375	0.080	0.076	0.075	0.073	0.074	0.074	0.074	0.073	0.073	0.072	0.073	0.073	0.458	0.498	0.739	0.700	0.647	0.688	0.785	0.674	0.750	0.747	0.739	0.721	0.074	0.074	0.073	0.073	0.075	0.074	0.072	0.075	0.074	0.072	0.074	0.073	0.094	0.310	0.356	0.356	0.343	0.340	0.348	0.359	0.338	0.340	0.346	0.330	0.073	0.073	0.074	0.077	0.073	0.074	0.074	0.074	0.074	0.075	0.074	0.073
8:20:07	0.505	0.473	0.684	0.703	0.707	0.675	0.341	0.341	0.376	0.318	0.332	0.073	0.073	0.074	0.074	0.073	0.073	0.073	0.073	0.073	0.073	0.073	0.074	0.072	0.094	0.098	0.265	0.334	0.326	0.338	0.339	0.337	0.324	0.365	0.379	0.376	0.080	0.076	0.075	0.073	0.074	0.074	0.074	0.073	0.073	0.072	0.072	0.073	0.479	0.530	0.769	0.720	0.662	0.722	0.828	0.702	0.799	0.797	0.788	0.760	0.074	0.074	0.072	0.073	0.074	0.074	0.072	0.075	0.074	0.072	0.074	0.073	0.094	0.311	0.356	0.351	0.344	0.343	0.351	0.361	0.339	0.345	0.349	0.332	0.073	0.073	0.074	0.077	0.073	0.074	0.074	0.074	0.074	0.075	0.074	0.073
8:30:07	0.541	0.486	0.705	0.731	0.715	0.708	0.343	0.342	0.373	0.319	0.334	0.073	0.073	0.074	0.074	0.073	0.073	0.072	0.073	0.073	0.073	0.073	0.074	0.072	0.094	0.098	0.266	0.335	0.328	0.338	0.341	0.336	0.326	0.369	0.379	0.377	0.080	0.076	0.075	0.073	0.074	0.074	0.074	0.073	0.073	0.072	0.073	0.073	0.490	0.555	0.790	0.729	0.681	0.742	0.853	0.726	0.843	0.836	0.807	0.784	0.074	0.074	0.072	0.073	0.075	0.073	0.072	0.075	0.074	0.072	0.074	0.073	0.094	0.312	0.354	0.350	0.344	0.344	0.345	0.363	0.342	0.345	0.351	0.335	0.073	0.073	0.074	0.077	0.073	0.074	0.074	0.073	0.074	0.075	0.074	0.073
8:40:07	0.548	0.487	0.722	0.773	0.719	0.729	0.345	0.331	0.376	0.318	0.334	0.073	0.073	0.074	0.074	0.073	0.073	0.072	0.073	0.073	0.073	0.073	0.074	0.072	0.095	0.098	0.268	0.338	0.325	0.337	0.339	0.338	0.326	0.370	0.368	0.379	0.080	0.076	0.075	0.073	0.074	0.074	0.074	0.073	0.073	0.072	0.072	0.073	0.484	0.568	0.805	0.741	0.696	0.760	0.879	0.735	0.867	0.802	0.831	0.813	0.074	0.074	0.072	0.073	0.074	0.073	0.072	0.075	0.074	0.072	0.073	0.073	0.094	0.313	0.355	0.351	0.333	0.346	0.345	0.353	0.344	0.348	0.353	0.332	0.073	0.073	0.074	0.077	0.073	0.074	0.074	0.073	0.074	0.075	0.074	0.073
8:50:07	0.556	0.487	0.771	0.784	0.726	0.744	0.347	0.331	0.376	0.319	0.335	0.073	0.073	0.075	0.074	0.074	0.073	0.073	0.073	0.073	0.073	0.074	0.074	0.072	0.095	0.098	0.270	0.338	0.325	0.341	0.337	0.340	0.328	0.368	0.369	0.381	0.080	0.076	0.075	0.073	0.074	0.075	0.074	0.073	0.073	0.073	0.073	0.073	0.480	0.567	0.814	0.754	0.708	0.781	0.903	0.748	0.883	0.805	0.841	0.841	0.074	0.074	0.072	0.073	0.075	0.074	0.073	0.075	0.074	0.073	0.074	0.073	0.094	0.314	0.356	0.349	0.329	0.348	0.346	0.353	0.345	0.350	0.351	0.331	0.074	0.073	0.074	0.077	0.073	0.074	0.074	0.074	0.074	0.075	0.074	0.073
9:00:07	0.565	0.489	0.779	0.799	0.728	0.753	0.348	0.330	0.376	0.320	0.335	0.073	0.073	0.074	0.074	0.073	0.073	0.072	0.073	0.073	0.073	0.073	0.074	0.072	0.095	0.097	0.277	0.339	0.328	0.341	0.336	0.342	0.330	0.368	0.369	0.376	0.080	0.076	0.074	0.073	0.074	0.074	0.074	0.073	0.073	0.072	0.072	0.073	0.479	0.558	0.823	0.765	0.716	0.796	0.920	0.759	0.890	0.803	0.837	0.867	0.073	0.074	0.072	0.073	0.074	0.073	0.072	0.075	0.074	0.072	0.073	0.073	0.094	0.316	0.358	0.348	0.331	0.338	0.348	0.354	0.348	0.351	0.348	0.330	0.073	0.073	0.074	0.077	0.073	0.074	0.074	0.073	0.074	0.074	0.074	0.072
9:10:07	0.566	0.490	0.770	0.800	0.735	0.760	0.349	0.320	0.377	0.321	0.332	0.073	0.073	0.074	0.074	0.074	0.073	0.072	0.073	0.073	0.073	0.074	0.074	0.072	0.095	0.098	0.274	0.340	0.332	0.343	0.337	0.345	0.330	0.366	0.370	0.377	0.080	0.077	0.075	0.073	0.074	0.074	0.074	0.073	0.073	0.072	0.073	0.073	0.479	0.555	0.822	0.769	0.725	0.812	0.932	0.773	0.898	0.800	0.839	0.889	0.074	0.074	0.072	0.073	0.075	0.074	0.072	0.075	0.074	0.072	0.073	0.073	0.093	0.317	0.359	0.348	0.330	0.340	0.348	0.356	0.348	0.347	0.351	0.333	0.073	0.073	0.074	0.077	0.073	0.074	0.074	0.073	0.074	0.074	0.074	0.073
9:20:07	0.560	0.493	0.753	0.813	0.741	0.770	0.350	0.321	0.377	0.313	0.333	0.073	0.073	0.075	0.074	0.073	0.073	0.072	0.073	0.073	0.073	0.074	0.074	0.072	0.095	0.098	0.276	0.337	0.335	0.343	0.339	0.344	0.331	0.368	0.371	0.376	0.080	0.076	0.075	0.073	0.074	0.074	0.074	0.073	0.073	0.072	0.073	0.073	0.480	0.554	0.818	0.773	0.730	0.828	0.945	0.782	0.898	0.793	0.838	0.911	0.074	0.074	0.072	0.073	0.075	0.074	0.072	0.075	0.074	0.072	0.074	0.073	0.094	0.318	0.360	0.347	0.330	0.344	0.346	0.358	0.353	0.347	0.350	0.333	0.073	0.073	0.074	0.077	0.073	0.074	0.074	0.073	0.074	0.075	0.074	0.073
9:30:07	0.557	0.498	0.742	0.829	0.744	0.775	0.351	0.322	0.378	0.310	0.335	0.073	0.073	0.074	0.074	0.073	0.073	0.072	0.073	0.073	0.073	0.074	0.074	0.072	0.094	0.097	0.278	0.339	0.337	0.345	0.339	0.345	0.333	0.367	0.369	0.379	0.080	0.076	0.075	0.073	0.074	0.074	0.074	0.073	0.073	0.072	0.072	0.073	0.483	0.555	0.808	0.777	0.735	0.849	0.953	0.791	0.896	0.786	0.836	0.910	0.074	0.074	0.072	0.073	0.074	0.073	0.072	0.075	0.074	0.072	0.074	0.073	0.094	0.320	0.360	0.346	0.330	0.347	0.348	0.362	0.354	0.345	0.351	0.334	0.073	0.073	0.074	0.077	0.073	0.074	0.074	0.073	0.074	0.075	0.074	0.073
9:40:07	0.559	0.504	0.735	0.848	0.750	0.785	0.352	0.315	0.377	0.310	0.336	0.073	0.073	0.074	0.074	0.073	0.073	0.072	0.073	0.073	0.073	0.073	0.074	0.072	0.095	0.098	0.279	0.339	0.335	0.343	0.339	0.345	0.334	0.368	0.371	0.372	0.080	0.076	0.074	0.073	0.074	0.074	0.074	0.073	0.073	0.072	0.072	0.073	0.487	0.557	0.800	0.783	0.741	0.869	0.962	0.801	0.897	0.782	0.835	0.918	0.074	0.074	0.072	0.073	0.074	0.073	0.072	0.075	0.073	0.072	0.074	0.073	0.094	0.321	0.361	0.346	0.331	0.345	0.342	0.364	0.355	0.348	0.350	0.335	0.073	0.073	0.074	0.077	0.073	0.074	0.074	0.073	0.074	0.074	0.074	0.073
9:50:07	0.561	0.514	0.728	0.862	0.757	0.793	0.353	0.315	0.379	0.311	0.334	0.073	0.073	0.075	0.074	0.073	0.073	0.072	0.073	0.073	0.073	0.074	0.074	0.072	0.095	0.097	0.286	0.340	0.337	0.344	0.339	0.346	0.333	0.369	0.373	0.372	0.080	0.077	0.075	0.073	0.074	0.074	0.074	0.073	0.073	0.073	0.073	0.073	0.491	0.561	0.793	0.790	0.748	0.884	0.970	0.807	0.901	0.779	0.833	0.928	0.074	0.074	0.072	0.073	0.075	0.074	0.072	0.075	0.074	0.072	0.074	0.073	0.094	0.323	0.362	0.348	0.331	0.343	0.343	0.355	0.351	0.346	0.349	0.337	0.074	0.073	0.074	0.077	0.073	0.074	0.074	0.074	0.074	0.075	0.074	0.073
10:00:07	0.565	0.523	0.727	0.870	0.766	0.798	0.351	0.313	0.380	0.306	0.334	0.073	0.073	0.075	0.074	0.073	0.073	0.072	0.073	0.073	0.073	0.074	0.074	0.072	0.095	0.097	0.283	0.341	0.329	0.343	0.340	0.346	0.328	0.371	0.372	0.373	0.080	0.076	0.075	0.073	0.074	0.074	0.074	0.073	0.073	0.072	0.072	0.073	0.496	0.566	0.791	0.797	0.755	0.898	0.972	0.814	0.899	0.777	0.830	0.938	0.074	0.074	0.072	0.073	0.074	0.073	0.072	0.075	0.074	0.072	0.073	0.073	0.094	0.325	0.363	0.346	0.332	0.341	0.339	0.355	0.352	0.342	0.347	0.337	0.073	0.073	0.074	0.077	0.073	0.074	0.074	0.073	0.074	0.075	0.074	0.073
10:10:07	0.567	0.530	0.725	0.881	0.774	0.804	0.348	0.306	0.380	0.306	0.336	0.073	0.073	0.075	0.074	0.073	0.073	0.073	0.073	0.073	0.073	0.073	0.074	0.072	0.095	0.097	0.285	0.343	0.326	0.342	0.340	0.349	0.329	0.371	0.372	0.374	0.080	0.077	0.075	0.073	0.074	0.074	0.074	0.073	0.073	0.072	0.073	0.073	0.500	0.569	0.791	0.802	0.767	0.910	0.976	0.803	0.899	0.776	0.828	0.945	0.074	0.074	0.073	0.073	0.074	0.074	0.073	0.075	0.074	0.072	0.074	0.073	0.093	0.327	0.365	0.344	0.329	0.331	0.339	0.357	0.353	0.345	0.349	0.336	0.073	0.073	0.074	0.077	0.073	0.074	0.074	0.073	0.074	0.075	0.074	0.073
10:20:07	0.571	0.539	0.726	0.891	0.783	0.810	0.349	0.307	0.382	0.306	0.339	0.073	0.073	0.074	0.074	0.073	0.073	0.072	0.073	0.073	0.073	0.073	0.074	0.072	0.095	0.098	0.288	0.343	0.324	0.340	0.339	0.349	0.326	0.372	0.374	0.371	0.080	0.076	0.075	0.073	0.074	0.074	0.074	0.073	0.073	0.072	0.072	0.073	0.505	0.574	0.791	0.810	0.781	0.920	0.978	0.808	0.903	0.776	0.826	0.952	0.074	0.074	0.072	0.073	0.075	0.074	0.073	0.075	0.074	0.072	0.074	0.073	0.094	0.329	0.369	0.346	0.331	0.338	0.331	0.345	0.354	0.346	0.349	0.325	0.073	0.073	0.074	0.077	0.073	0.074	0.074	0.073	0.074	0.075	0.074	0.073
10:30:07	0.575	0.546	0.728	0.901	0.794	0.818	0.351	0.308	0.383	0.307	0.341	0.073	0.073	0.075	0.074	0.073	0.073	0.072	0.073	0.073	0.073	0.073	0.074	0.072	0.095	0.098	0.288	0.341	0.322	0.343	0.340	0.350	0.328	0.363	0.369	0.371	0.080	0.076	0.075	0.073	0.074	0.075	0.074	0.073	0.073	0.072	0.072	0.073	0.510	0.580	0.791	0.816	0.802	0.932	0.983	0.812	0.905	0.776	0.822	0.956	0.074	0.074	0.072	0.073	0.075	0.074	0.072	0.075	0.074	0.072	0.074	0.073	0.094	0.330	0.369	0.345	0.333	0.338	0.331	0.342	0.357	0.348	0.346	0.326	0.073	0.073	0.074	0.077	0.073	0.074	0.074	0.074	0.074	0.075	0.074	0.073
10:40:07	0.580	0.551	0.731	0.910	0.800	0.824	0.351	0.309	0.384	0.308	0.343	0.073	0.073	0.074	0.074	0.073	0.073	0.072	0.073	0.073	0.073	0.073	0.074	0.072	0.095	0.098	0.289	0.341	0.324	0.343	0.338	0.348	0.327	0.364	0.371	0.372	0.080	0.076	0.075	0.073	0.074	0.074	0.074	0.073	0.073	0.072	0.072	0.073	0.514	0.584	0.793	0.823	0.831	0.944	0.985	0.817	0.904	0.779	0.819	0.962	0.074	0.074	0.072	0.073	0.074	0.073	0.072	0.075	0.074	0.072	0.073	0.073	0.094	0.332	0.368	0.342	0.332	0.331	0.332	0.340	0.352	0.350	0.347	0.325	0.073	0.073	0.074	0.077	0.073	0.074	0.074	0.073	0.074	0.074	0.074	0.072
10:50:07	0.584	0.557	0.734	0.924	0.806	0.831	0.352	0.309	0.385	0.309	0.344	0.073	0.073	0.075	0.074	0.073	0.073	0.072	0.073	0.073	0.073	0.073	0.074	0.072	0.095	0.098	0.292	0.343	0.327	0.349	0.340	0.348	0.322	0.365	0.371	0.368	0.080	0.076	0.075	0.073	0.074	0.074	0.074	0.073	0.073	0.072	0.073	0.073	0.518	0.590	0.795	0.831	0.858	0.959	0.986	0.821	0.908	0.780	0.815	0.966	0.074	0.074	0.073	0.073	0.074	0.074	0.073	0.075	0.074	0.072	0.074	0.073	0.094	0.333	0.366	0.343	0.329	0.333	0.333	0.332	0.354	0.352	0.346	0.326	0.074	0.073	0.074	0.077	0.073	0.074	0.074	0.073	0.074	0.075	0.074	0.073
11:00:07	0.590	0.563	0.735	0.935	0.811	0.836	0.353	0.308	0.384	0.309	0.346	0.073	0.073	0.075	0.074	0.074	0.073	0.072	0.073	0.073	0.073	0.073	0.074	0.072	0.095	0.098	0.292	0.345	0.332	0.347	0.340	0.348	0.323	0.366	0.373	0.366	0.080	0.077	0.075	0.073	0.074	0.074	0.074	0.073	0.073	0.072	0.073	0.073	0.521	0.594	0.796	0.834	0.886	0.973	0.983	0.820	0.907	0.781	0.810	0.967	0.074	0.074	0.073	0.073	0.074	0.074	0.073	0.075	0.074	0.072	0.073	0.073	0.094	0.335	0.366	0.342	0.330	0.332	0.332	0.332	0.355	0.347	0.346	0.329	0.073	0.073	0.074	0.077	0.073	0.074	0.074	0.074	0.074	0.075	0.074	0.073
11:10:07	0.594	0.568	0.738	0.949	0.819	0.843	0.357	0.309	0.385	0.310	0.346	0.073	0.073	0.074	0.074	0.073	0.073	0.072	0.073	0.073	0.073	0.073	0.074	0.072	0.095	0.097	0.294	0.346	0.337	0.350	0.341	0.348	0.323	0.367	0.373	0.366	0.080	0.076	0.074	0.073	0.074	0.074	0.074	0.073	0.073	0.072	0.072	0.073	0.525	0.597	0.796	0.842	0.914	0.989	0.977	0.824	0.911	0.784	0.807	0.967	0.074	0.074	0.072	0.073	0.074	0.073	0.072	0.075	0.074	0.072	0.073	0.073	0.093	0.336	0.367	0.344	0.329	0.333	0.333	0.331	0.356	0.347	0.338	0.332	0.073	0.073	0.074	0.077	0.073	0.074	0.074	0.073	0.074	0.074	0.074	0.073
11:20:07	0.597	0.574	0.741	0.959	0.827	0.851	0.343	0.310	0.386	0.308	0.345	0.073	0.073	0.075	0.074	0.073	0.073	0.072	0.073	0.073	0.073	0.073	0.074	0.072	0.095	0.098	0.295	0.347	0.343	0.353	0.341	0.348	0.323	0.363	0.374	0.367	0.080	0.076	0.075	0.073	0.074	0.074	0.074	0.073	0.073	0.072	0.072	0.073	0.528	0.600	0.797	0.849	0.941	1.004	0.975	0.830	0.914	0.785	0.804	0.968	0.074	0.074	0.072	0.073	0.075	0.073	0.072	0.075	0.074	0.072	0.073	0.073	0.093	0.336	0.369	0.345	0.329	0.335	0.333	0.333	0.352	0.348	0.336	0.333	0.073	0.073	0.074	0.077	0.073	0.074	0.074	0.073	0.074	0.075	0.074	0.073
11:30:07	0.600	0.579	0.744	0.970	0.834	0.859	0.338	0.309	0.386	0.308	0.339	0.073	0.073	0.074	0.074	0.073	0.073	0.072	0.073	0.073	0.073	0.073	0.074	0.072	0.095	0.097	0.296	0.345	0.348	0.351	0.342	0.343	0.325	0.365	0.378	0.368	0.080	0.076	0.075	0.073	0.074	0.074	0.074	0.073	0.073	0.072	0.072	0.073	0.531	0.604	0.798	0.853	0.969	1.018	0.972	0.835	0.914	0.787	0.801	0.966	0.074	0.074	0.072	0.073	0.074	0.073	0.072	0.075	0.074	0.072	0.073	0.073	0.094	0.337	0.370	0.324	0.331	0.335	0.328	0.336	0.354	0.348	0.333	0.333	0.073	0.073	0.074	0.077	0.073	0.074	0.074	0.073	0.074	0.074	0.074	0.073
11:40:07	0.605	0.583	0.747	0.980	0.843	0.866	0.335	0.310	0.386	0.308	0.339	0.073	0.073	0.074	0.074	0.073	0.073	0.072	0.073	0.073	0.073	0.074	0.074	0.072	0.095	0.097	0.298	0.347	0.350	0.352	0.343	0.344	0.317	0.367	0.374	0.369	0.080	0.076	0.075	0.073	0.074	0.074	0.074	0.073	0.073	0.072	0.072	0.073	0.533	0.607	0.798	0.857	0.993	1.033	0.974	0.838	0.911	0.789	0.800	0.961	0.074	0.074	0.072	0.073	0.074	0.074	0.072	0.075	0.074	0.072	0.073	0.073	0.093	0.338	0.371	0.325	0.332	0.336	0.329	0.336	0.355	0.349	0.334	0.335	0.073	0.073	0.074	0.077	0.073	0.074	0.074	0.074	0.074	0.074	0.074	0.073
11:50:07	0.609	0.584	0.751	0.988	0.852	0.872	0.336	0.311	0.387	0.309	0.340	0.073	0.073	0.074	0.074	0.073	0.073	0.072	0.073	0.073	0.073	0.073	0.074	0.072	0.095	0.097	0.299	0.349	0.357	0.354	0.343	0.345	0.318	0.368	0.375	0.368	0.080	0.076	0.075	0.073	0.074	0.074	0.074	0.073	0.073	0.072	0.072	0.073	0.534	0.611	0.799	0.863	1.013	1.046	0.976	0.845	0.910	0.793	0.799	0.961	0.074	0.074	0.072	0.073	0.074	0.074	0.072	0.074	0.073	0.072	0.073	0.073	0.093	0.340	0.374	0.327	0.334	0.332	0.330	0.334	0.351	0.351	0.335	0.336	0.073	0.073	0.074	0.077	0.073	0.074	0.074	0.073	0.074	0.074	0.073	0.073
12:00:07	0.614	0.586	0.759	0.995	0.859	0.876	0.337	0.305	0.388	0.310	0.341	0.073	0.073	0.075	0.074	0.073	0.073	0.073	0.073	0.073	0.073	0.074	0.074	0.072	0.095	0.097	0.301	0.351	0.364	0.353	0.344	0.346	0.319	0.369	0.377	0.367	0.080	0.076	0.075	0.073	0.074	0.075	0.074	0.073	0.073	0.073	0.073	0.073	0.534	0.614	0.799	0.869	1.033	1.063	0.977	0.852	0.910	0.798	0.800	0.959	0.074	0.074	0.073	0.073	0.075	0.074	0.072	0.075	0.074	0.072	0.073	0.073	0.094	0.341	0.368	0.326	0.335	0.337	0.332	0.337	0.353	0.349	0.334	0.337	0.073	0.073	0.074	0.077	0.073	0.074	0.074	0.074	0.074	0.075	0.074	0.073
12:10:07	0.617	0.587	0.760	1.000	0.867	0.875	0.334	0.304	0.387	0.311	0.342	0.073	0.073	0.075	0.074	0.073	0.073	0.072	0.073	0.073	0.073	0.073	0.074	0.072	0.095	0.097	0.302	0.351	0.374	0.354	0.346	0.346	0.320	0.370	0.374	0.367	0.080	0.077	0.075	0.073	0.074	0.074	0.074	0.073	0.073	0.073	0.073	0.073	0.535	0.617	0.800	0.879	1.052	1.078	0.977	0.853	0.910	0.803	0.801	0.955	0.074	0.074	0.072	0.073	0.074	0.074	0.072	0.075	0.074	0.072	0.074	0.073	0.093	0.342	0.369	0.326	0.336	0.337	0.332	0.339	0.355	0.351	0.329	0.338	0.073	0.073	0.074	0.077	0.073	0.074	0.074	0.074	0.074	0.075	0.074	0.073
12:20:07	0.620	0.587	0.765	1.002	0.873	0.877	0.328	0.305	0.387	0.311	0.343	0.073	0.073	0.074	0.074	0.073	0.073	0.072	0.073	0.073	0.073	0.073	0.074	0.072	0.095	0.097	0.304	0.352	0.384	0.349	0.346	0.347	0.321	0.372	0.376	0.368	0.080	0.076	0.074	0.073	0.074	0.074	0.074	0.073	0.073	0.072	0.072	0.073	0.535	0.620	0.799	0.889	1.068	1.091	0.979	0.859	0.911	0.807	0.801	0.951	0.074	0.074	0.072	0.073	0.074	0.073	0.072	0.075	0.073	0.072	0.073	0.073	0.093	0.342	0.367	0.326	0.338	0.336	0.334	0.342	0.355	0.355	0.328	0.335	0.073	0.073	0.074	0.077	0.073	0.074	0.074	0.073	0.074	0.075	0.074	0.073
12:30:07	0.624	0.589	0.764	1.007	0.879	0.877	0.328	0.306	0.379	0.312	0.344	0.073	0.073	0.075	0.074	0.073	0.073	0.072	0.073	0.073	0.073	0.073	0.074	0.072	0.095	0.097	0.305	0.345	0.392	0.353	0.347	0.348	0.316	0.371	0.367	0.370	0.080	0.076	0.075	0.073	0.074	0.074	0.074	0.073	0.073	0.072	0.072	0.073	0.535	0.623	0.801	0.905	1.078	1.102	0.981	0.859	0.909	0.807	0.799	0.945	0.074	0.074	0.072	0.073	0.074	0.073	0.072	0.075	0.074	0.072	0.074	0.073	0.093	0.342	0.367	0.328	0.341	0.337	0.331	0.335	0.356	0.356	0.329	0.337	0.073	0.073	0.074	0.077	0.073	0.074	0.074	0.073	0.074	0.075	0.074	0.073
12:40:07	0.626	0.588	0.768	1.008	0.885	0.881	0.331	0.305	0.379	0.314	0.346	0.073	0.073	0.074	0.074	0.073	0.073	0.072	0.073	0.073	0.073	0.073	0.074	0.072	0.095	0.097	0.307	0.348	0.404	0.355	0.347	0.348	0.317	0.365	0.368	0.370	0.080	0.076	0.075	0.073	0.074	0.074	0.074	0.073	0.073	0.072	0.073	0.073	0.534	0.626	0.801	0.921	1.086	1.110	0.984	0.860	0.909	0.811	0.800	0.942	0.074	0.074	0.072	0.073	0.074	0.073	0.072	0.075	0.074	0.072	0.073	0.073	0.093	0.342	0.367	0.325	0.343	0.339	0.329	0.335	0.348	0.357	0.330	0.337	0.073	0.073	0.074	0.077	0.073	0.074	0.074	0.073	0.074	0.075	0.074	0.073
12:50:07	0.629	0.588	0.766	1.017	0.890	0.887	0.332	0.306	0.381	0.315	0.347	0.073	0.073	0.075	0.074	0.074	0.074	0.072	0.073	0.073	0.073	0.074	0.075	0.072	0.096	0.098	0.308	0.348	0.414	0.356	0.348	0.349	0.318	0.361	0.368	0.370	0.080	0.077	0.075	0.073	0.074	0.075	0.074	0.073	0.073	0.073	0.073	0.073	0.534	0.629	0.803	0.935	1.099	1.119	0.986	0.864	0.910	0.814	0.803	0.937	0.074	0.074	0.073	0.073	0.075	0.074	0.073	0.075	0.074	0.073	0.074	0.073	0.094	0.343	0.368	0.325	0.345	0.338	0.330	0.337	0.348	0.358	0.330	0.338	0.074	0.073	0.074	0.077	0.073	0.074	0.074	0.074	0.074	0.075	0.074	0.073
13:00:07	0.631	0.589	0.772	1.021	0.896	0.895	0.333	0.300	0.383	0.312	0.348	0.073	0.073	0.075	0.074	0.073	0.073	0.072	0.073	0.073	0.073	0.074	0.074	0.072	0.095	0.098	0.310	0.348	0.427	0.356	0.348	0.350	0.319	0.361	0.369	0.371	0.080	0.076	0.075	0.073	0.074	0.074	0.074	0.073	0.073	0.072	0.073	0.073	0.535	0.632	0.807	0.954	1.107	1.128	0.988	0.866	0.910	0.819	0.805	0.932	0.074	0.074	0.072	0.073	0.074	0.074	0.073	0.075	0.074	0.072	0.073	0.073	0.093	0.344	0.369	0.327	0.347	0.340	0.332	0.338	0.344	0.361	0.331	0.335	0.073	0.073	0.074	0.077	0.073	0.074	0.074	0.073	0.074	0.075	0.074	0.073
13:10:07	0.633	0.590	0.770	1.028	0.900	0.901	0.331	0.301	0.383	0.308	0.350	0.073	0.073	0.074	0.074	0.073	0.073	0.072	0.073	0.073	0.073	0.073	0.074	0.072	0.096	0.098	0.309	0.348	0.440	0.355	0.345	0.351	0.319	0.362	0.370	0.370	0.080	0.076	0.075	0.073	0.074	0.074	0.074	0.073	0.073	0.072	0.072	0.073	0.534	0.634	0.811	0.975	1.116	1.138	0.989	0.867	0.912	0.822	0.806	0.930	0.074	0.074	0.072	0.073	0.074	0.073	0.072	0.075	0.074	0.072	0.073	0.073	0.093	0.344	0.367	0.328	0.344	0.331	0.333	0.339	0.349	0.351	0.332	0.337	0.073	0.073	0.074	0.077	0.073	0.074	0.074	0.073	0.074	0.075	0.074	0.073
13:20:07	0.635	0.590	0.774	1.034	0.899	0.908	0.332	0.301	0.384	0.307	0.353	0.073	0.073	0.074	0.074	0.073	0.073	0.072	0.073	0.073	0.073	0.073	0.074	0.072	0.096	0.097	0.310	0.349	0.455	0.357	0.344	0.352	0.320	0.366	0.371	0.366	0.080	0.076	0.075	0.073	0.074	0.074	0.074	0.073	0.073	0.072	0.073	0.073	0.535	0.635	0.818	0.994	1.123	1.147	0.991	0.870	0.914	0.825	0.808	0.926	0.074	0.074	0.072	0.073	0.074	0.073	0.072	0.075	0.074	0.072	0.074	0.072	0.093	0.345	0.367	0.329	0.340	0.331	0.333	0.344	0.350	0.350	0.326	0.325	0.073	0.073	0.074	0.077	0.073	0.074	0.074	0.073	0.074	0.074	0.074	0.073
13:30:07	0.638	0.592	0.772	1.040	0.903	0.912	0.333	0.302	0.384	0.308	0.355	0.073	0.073	0.075	0.074	0.073	0.073	0.072	0.073	0.073	0.073	0.073	0.074	0.072	0.096	0.098	0.312	0.350	0.471	0.355	0.344	0.353	0.321	0.368	0.372	0.366	0.080	0.076	0.074	0.073	0.074	0.074	0.074	0.073	0.073	0.072	0.072	0.073	0.535	0.637	0.827	1.012	1.129	1.156	0.991	0.871	0.917	0.829	0.808	0.923	0.074	0.074	0.072	0.073	0.074	0.073	0.072	0.075	0.073	0.072	0.074	0.073	0.093	0.346	0.366	0.331	0.336	0.337	0.334	0.340	0.352	0.352	0.327	0.327	0.073	0.073	0.074	0.077	0.073	0.074	0.074	0.074	0.074	0.075	0.074	0.073
13:40:07	0.640	0.592	0.775	1.046	0.905	0.917	0.334	0.303	0.384	0.308	0.356	0.073	0.073	0.074	0.074	0.073	0.073	0.072	0.073	0.073	0.073	0.073	0.074	0.072	0.097	0.098	0.312	0.352	0.485	0.358	0.345	0.354	0.324	0.364	0.373	0.367	0.080	0.076	0.075	0.073	0.074	0.074	0.074	0.073	0.072	0.072	0.073	0.073	0.536	0.638	0.839	1.028	1.136	1.165	0.993	0.871	0.919	0.832	0.807	0.922	0.074	0.074	0.072	0.073	0.074	0.073	0.072	0.074	0.074	0.072	0.073	0.073	0.093	0.344	0.360	0.332	0.337	0.339	0.332	0.342	0.352	0.353	0.328	0.325	0.073	0.073	0.074	0.077	0.073	0.074	0.074	0.074	0.074	0.074	0.074	0.073
13:50:07	0.643	0.594	0.774	1.051	0.908	0.923	0.336	0.304	0.384	0.307	0.357	0.073	0.073	0.075	0.074	0.074	0.073	0.073	0.073	0.073	0.073	0.074	0.074	0.072	0.097	0.098	0.314	0.354	0.499	0.360	0.345	0.355	0.309	0.365	0.374	0.368	0.080	0.077	0.075	0.073	0.074	0.075	0.074	0.073	0.073	0.072	0.073	0.073	0.537	0.639	0.856	1.043	1.143	1.174	0.995	0.872	0.919	0.835	0.807	0.918	0.074	0.074	0.073	0.073	0.075	0.074	0.073	0.075	0.074	0.072	0.074	0.073	0.094	0.344	0.361	0.332	0.338	0.344	0.333	0.341	0.353	0.357	0.329	0.326	0.074	0.073	0.074	0.077	0.073	0.074	0.074	0.074	0.074	0.075	0.074	0.073
14:00:07	0.645	0.596	0.778	1.055	0.910	0.928	0.336	0.296	0.384	0.308	0.358	0.073	0.073	0.075	0.074	0.073	0.073	0.073	0.073	0.073	0.073	0.074	0.074	0.072	0.098	0.098	0.316	0.353	0.509	0.361	0.346	0.353	0.309	0.361	0.374	0.366	0.080	0.076	0.075	0.073	0.074	0.074	0.074	0.073	0.073	0.072	0.073	0.073	0.537	0.640	0.878	1.056	1.148	1.181	0.995	0.873	0.921	0.838	0.810	0.918	0.074	0.074	0.072	0.073	0.075	0.074	0.073	0.075	0.073	0.072	0.074	0.073	0.093	0.346	0.363	0.333	0.337	0.344	0.330	0.342	0.352	0.358	0.331	0.327	0.073	0.073	0.074	0.078	0.073	0.074	0.074	0.074	0.074	0.075	0.074	0.073
14:10:07	0.649	0.598	0.776	1.058	0.912	0.930	0.337	0.297	0.384	0.308	0.359	0.073	0.073	0.075	0.074	0.073	0.073	0.073	0.073	0.073	0.073	0.074	0.074	0.072	0.098	0.098	0.317	0.356	0.517	0.362	0.346	0.354	0.309	0.362	0.375	0.367	0.080	0.077	0.075	0.073	0.074	0.074	0.074	0.073	0.073	0.072	0.072	0.073	0.537	0.642	0.908	1.066	1.153	1.188	0.998	0.874	0.924	0.841	0.812	0.915	0.074	0.074	0.073	0.073	0.075	0.074	0.072	0.075	0.074	0.072	0.074	0.073	0.093	0.347	0.359	0.334	0.337	0.349	0.331	0.343	0.351	0.358	0.331	0.327	0.073	0.073	0.074	0.077	0.073	0.074	0.074	0.074	0.074	0.074	0.074	0.073
14:20:07	0.652	0.600	0.779	1.062	0.914	0.933	0.337	0.278	0.384	0.309	0.358	0.073	0.073	0.075	0.074	0.073	0.073	0.072	0.073	0.073	0.073	0.073	0.074	0.072	0.099	0.099	0.317	0.358	0.523	0.365	0.346	0.355	0.311	0.365	0.376	0.367	0.080	0.076	0.075	0.073	0.074	0.074	0.074	0.073	0.073	0.072	0.072	0.073	0.537	0.644	0.942	1.075	1.156	1.194	1.002	0.875	0.922	0.845	0.812	0.916	0.074	0.074	0.072	0.073	0.075	0.074	0.072	0.075	0.074	0.072	0.074	0.073	0.093	0.347	0.359	0.333	0.326	0.339	0.328	0.346	0.352	0.360	0.337	0.324	0.073	0.073	0.074	0.077	0.073	0.074	0.074	0.073	0.074	0.075	0.074	0.073
14:30:07	0.656	0.603	0.780	1.067	0.917	0.936	0.337	0.277	0.381	0.309	0.360	0.073	0.073	0.074	0.074	0.073	0.073	0.072	0.073	0.073	0.073	0.073	0.074	0.072	0.100	0.099	0.318	0.358	0.530	0.370	0.347	0.337	0.308	0.366	0.382	0.364	0.080	0.076	0.074	0.073	0.074	0.074	0.074	0.073	0.073	0.072	0.072	0.073	0.537	0.645	0.971	1.079	1.155	1.196	1.004	0.877	0.927	0.846	0.815	0.917	0.074	0.074	0.073	0.073	0.074	0.073	0.072	0.074	0.073	0.072	0.074	0.073	0.093	0.349	0.359	0.331	0.331	0.344	0.320	0.346	0.352	0.357	0.342	0.324	0.073	0.073	0.074	0.077	0.073	0.074	0.074	0.073	0.074	0.074	0.074	0.072
14:40:07	0.659	0.606	0.789	1.072	0.921	0.938	0.330	0.276	0.374	0.310	0.360	0.073	0.073	0.074	0.074	0.073	0.073	0.072	0.073	0.073	0.073	0.073	0.074	0.072	0.101	0.099	0.320	0.360	0.536	0.371	0.348	0.337	0.309	0.367	0.380	0.364	0.080	0.076	0.075	0.073	0.074	0.074	0.074	0.073	0.073	0.072	0.072	0.073	0.538	0.648	1.004	1.089	1.160	1.202	1.008	0.878	0.929	0.849	0.816	0.915	0.074	0.074	0.072	0.073	0.074	0.073	0.072	0.075	0.074	0.072	0.073	0.073	0.093	0.350	0.360	0.331	0.325	0.344	0.320	0.346	0.352	0.356	0.342	0.324	0.073	0.073	0.074	0.077	0.073	0.074	0.074	0.073	0.074	0.074	0.074	0.073
14:50:07	0.664	0.611	0.786	1.075	0.920	0.940	0.329	0.276	0.373	0.311	0.361	0.073	0.073	0.075	0.074	0.073	0.073	0.072	0.073	0.073	0.073	0.073	0.074	0.072	0.102	0.100	0.323	0.362	0.541	0.376	0.346	0.338	0.309	0.367	0.376	0.364	0.080	0.077	0.075	0.073	0.074	0.074	0.074	0.073	0.073	0.072	0.072	0.073	0.538	0.651	1.036	1.100	1.165	1.210	1.012	0.880	0.933	0.855	0.819	0.920	0.074	0.074	0.073	0.073	0.074	0.074	0.072	0.075	0.074	0.072	0.074	0.073	0.093	0.351	0.360	0.331	0.325	0.345	0.321	0.349	0.355	0.358	0.343	0.326	0.074	0.073	0.074	0.077	0.073	0.074	0.074	0.073	0.074	0.074	0.074	0.073
15:00:07	0.668	0.614	0.787	1.077	0.923	0.943	0.329	0.277	0.373	0.311	0.362	0.073	0.073	0.075	0.074	0.073	0.073	0.072	0.073	0.073	0.073	0.073	0.074	0.072	0.103	0.100	0.325	0.364	0.548	0.377	0.347	0.339	0.310	0.369	0.376	0.364	0.080	0.076	0.075	0.073	0.074	0.074	0.074	0.073	0.073	0.072	0.072	0.073	0.539	0.653	1.064	1.109	1.170	1.215	1.014	0.883	0.937	0.860	0.821	0.919	0.074	0.074	0.072	0.073	0.075	0.073	0.072	0.075	0.074	0.072	0.074	0.073	0.093	0.351	0.361	0.333	0.326	0.346	0.322	0.350	0.356	0.358	0.344	0.310	0.073	0.073	0.074	0.077	0.073	0.074	0.074	0.073	0.074	0.074	0.074	0.073
15:10:07	0.673	0.619	0.789	1.082	0.927	0.945	0.330	0.278	0.373	0.309	0.362	0.073	0.073	0.074	0.074	0.073	0.073	0.072	0.073	0.073	0.073	0.074	0.074	0.072	0.105	0.101	0.325	0.366	0.552	0.377	0.343	0.339	0.310	0.370	0.377	0.365	0.080	0.076	0.075	0.073	0.074	0.074	0.074	0.073	0.073	0.072	0.072	0.073	0.540	0.656	1.090	1.121	1.175	1.224	1.020	0.886	0.942	0.867	0.823	0.930	0.074	0.074	0.072	0.073	0.074	0.073	0.072	0.075	0.074	0.072	0.074	0.073	0.093	0.352	0.362	0.332	0.326	0.348	0.322	0.351	0.358	0.344	0.345	0.311	0.073	0.073	0.074	0.077	0.073	0.074	0.074	0.073	0.074	0.075	0.074	0.073
15:20:07	0.678	0.624	0.792	1.084	0.931	0.947	0.334	0.278	0.373	0.310	0.363	0.073	0.073	0.075	0.074	0.073	0.073	0.072	0.073	0.073	0.073	0.074	0.074	0.072	0.107	0.101	0.326	0.369	0.553	0.362	0.344	0.340	0.303	0.371	0.377	0.365	0.080	0.076	0.075	0.073	0.074	0.074	0.074	0.073	0.073	0.072	0.072	0.073	0.540	0.659	1.110	1.126	1.181	1.230	1.025	0.890	0.945	0.874	0.826	0.926	0.074	0.074	0.072	0.073	0.074	0.073	0.072	0.075	0.074	0.072	0.074	0.073	0.094	0.353	0.362	0.333	0.329	0.349	0.324	0.354	0.358	0.336	0.345	0.312	0.073	0.073	0.074	0.077	0.073	0.074	0.074	0.074	0.074	0.075	0.074	0.073
15:30:07	0.685	0.631	0.797	1.087	0.934	0.950	0.334	0.279	0.372	0.310	0.364	0.073	0.073	0.075	0.074	0.073	0.073	0.072	0.073	0.073	0.073	0.074	0.074	0.072	0.108	0.102	0.326	0.373	0.553	0.365	0.344	0.339	0.303	0.372	0.378	0.366	0.080	0.076	0.075	0.073	0.074	0.074	0.074	0.073	0.073	0.072	0.072	0.073	0.541	0.663	1.131	1.136	1.188	1.237	1.029	0.895	0.952	0.882	0.829	0.931	0.074	0.074	0.072	0.073	0.075	0.073	0.072	0.075	0.074	0.072	0.073	0.073	0.093	0.353	0.360	0.338	0.330	0.349	0.325	0.353	0.360	0.328	0.346	0.312	0.074	0.073	0.074	0.077	0.073	0.074	0.074	0.073	0.074	0.075	0.074	0.073
15:40:07	0.691	0.637	0.800	1.089	0.937	0.952	0.335	0.278	0.372	0.311	0.364	0.073	0.073	0.074	0.074	0.073	0.073	0.072	0.073	0.073	0.073	0.074	0.074	0.072	0.111	0.104	0.326	0.375	0.552	0.368	0.344	0.339	0.303	0.366	0.379	0.367	0.080	0.076	0.075	0.073	0.074	0.074	0.074	0.073	0.073	0.072	0.072	0.073	0.542	0.667	1.145	1.146	1.194	1.244	1.034	0.900	0.956	0.890	0.831	0.937	0.074	0.074	0.073	0.073	0.075	0.074	0.072	0.075	0.074	0.072	0.074	0.073	0.093	0.354	0.362	0.337	0.329	0.350	0.326	0.355	0.363	0.328	0.347	0.313	0.073	0.073	0.074	0.077	0.073	0.074	0.074	0.073	0.074	0.075	0.074	0.073
15:50:07	0.699	0.644	0.806	1.091	0.941	0.952	0.336	0.279	0.371	0.311	0.364	0.073	0.073	0.075	0.074	0.074	0.073	0.073	0.073	0.073	0.073	0.074	0.074	0.072	0.113	0.105	0.329	0.378	0.549	0.371	0.345	0.340	0.304	0.366	0.379	0.367	0.080	0.077	0.075	0.073	0.074	0.074	0.074	0.073	0.073	0.073	0.072	0.073	0.544	0.672	1.161	1.153	1.202	1.251	1.039	0.907	0.960	0.896	0.833	0.934	0.074	0.074	0.072	0.073	0.075	0.074	0.073	0.075	0.074	0.072	0.074	0.073	0.094	0.354	0.362	0.339	0.332	0.352	0.327	0.354	0.365	0.329	0.347	0.314	0.074	0.073	0.074	0.077	0.073	0.074	0.074	0.074	0.074	0.075	0.074	0.073
16:00:07	0.707	0.652	0.812	1.093	0.946	0.954	0.337	0.279	0.370	0.312	0.365	0.073	0.073	0.074	0.074	0.073	0.073	0.073	0.073	0.073	0.073	0.073	0.074	0.072	0.116	0.106	0.330	0.381	0.548	0.367	0.345	0.341	0.304	0.368	0.382	0.368	0.080	0.076	0.075	0.073	0.074	0.074	0.074	0.073	0.073	0.072	0.073	0.073	0.544	0.676	1.174	1.161	1.208	1.258	1.044	0.914	0.965	0.900	0.837	0.939	0.074	0.075	0.073	0.073	0.075	0.074	0.072	0.075	0.074	0.072	0.074	0.073	0.093	0.352	0.363	0.339	0.333	0.351	0.329	0.355	0.365	0.330	0.348	0.314	0.074	0.073	0.074	0.077	0.073	0.074	0.074	0.074	0.074	0.075	0.074	0.073
16:10:07	0.717	0.661	0.817	1.093	0.952	0.957	0.341	0.279	0.370	0.313	0.332	0.073	0.073	0.075	0.074	0.073	0.073	0.072	0.073	0.073	0.073	0.074	0.074	0.072	0.119	0.108	0.331	0.382	0.547	0.370	0.345	0.342	0.310	0.368	0.382	0.361	0.080	0.076	0.075	0.073	0.074	0.074	0.074	0.073	0.073	0.072	0.073	0.073	0.546	0.680	1.187	1.168	1.215	1.266	1.050	0.911	0.968	0.912	0.841	0.940	0.074	0.075	0.072	0.073	0.075	0.074	0.072	0.075	0.074	0.072	0.074	0.073	0.093	0.350	0.365	0.338	0.332	0.348	0.330	0.346	0.365	0.326	0.350	0.316	0.073	0.073	0.074	0.077	0.073	0.074	0.074	0.074	0.074	0.075	0.074	0.073
16:20:07	0.726	0.671	0.823	1.093	0.954	0.959	0.342	0.279	0.370	0.313	0.332	0.073	0.073	0.075	0.074	0.073	0.073	0.072	0.073	0.073	0.073	0.074	0.074	0.072	0.123	0.110	0.332	0.386	0.545	0.368	0.345	0.343	0.307	0.370	0.383	0.361	0.080	0.077	0.074	0.073	0.074	0.074	0.074	0.073	0.073	0.072	0.073	0.073	0.548	0.686	1.201	1.179	1.223	1.274	1.057	0.917	0.975	0.923	0.845	0.940	0.074	0.074	0.072	0.073	0.075	0.074	0.073	0.075	0.074	0.072	0.074	0.073	0.093	0.351	0.367	0.340	0.334	0.347	0.331	0.331	0.357	0.327	0.349	0.317	0.074	0.073	0.074	0.077	0.073	0.074	0.074	0.073	0.074	0.075	0.074	0.073
16:30:07	0.736	0.681	0.828	1.095	0.958	0.958	0.342	0.280	0.370	0.313	0.337	0.073	0.073	0.075	0.074	0.073	0.073	0.072	0.073	0.073	0.073	0.074	0.074	0.073	0.127	0.112	0.333	0.391	0.543	0.369	0.346	0.344	0.307	0.371	0.383	0.362	0.080	0.077	0.075	0.073	0.074	0.074	0.074	0.073	0.073	0.073	0.073	0.073	0.550	0.692	1.211	1.188	1.232	1.282	1.065	0.926	0.982	0.935	0.849	0.943	0.074	0.074	0.072	0.073	0.075	0.074	0.073	0.075	0.074	0.072	0.074	0.073	0.094	0.351	0.365	0.341	0.325	0.350	0.332	0.331	0.359	0.328	0.347	0.318	0.073	0.073	0.074	0.077	0.073	0.074	0.074	0.074	0.074	0.075	0.074	0.073
16:40:07	0.747	0.694	0.834	1.098	0.964	0.960	0.343	0.280	0.369	0.314	0.325	0.073	0.073	0.075	0.074	0.073	0.073	0.072	0.073	0.073	0.073	0.073	0.074	0.072	0.130	0.113	0.334	0.395	0.540	0.372	0.346	0.344	0.307	0.372	0.382	0.362	0.080	0.076	0.075	0.073	0.074	0.074	0.074	0.073	0.073	0.072	0.072	0.073	0.552	0.699	1.220	1.197	1.240	1.290	1.071	0.933	0.990	0.945	0.854	0.945	0.074	0.074	0.072	0.073	0.074	0.073	0.072	0.075	0.074	0.072	0.073	0.073	0.093	0.351	0.371	0.341	0.326	0.349	0.334	0.332	0.360	0.325	0.346	0.319	0.073	0.073	0.074	0.077	0.073	0.074	0.074	0.073	0.074	0.075	0.074	0.073
16:50:07	0.761	0.706	0.841	1.100	0.966	0.962	0.344	0.281	0.368	0.315	0.325	0.073	0.073	0.075	0.074	0.073	0.073	0.072	0.073	0.073	0.073	0.073	0.074	0.072	0.135	0.116	0.335	0.400	0.517	0.374	0.346	0.345	0.308	0.373	0.383	0.358	0.080	0.076	0.075	0.073	0.074	0.074	0.074	0.073	0.073	0.072	0.072	0.073	0.554	0.706	1.229	1.206	1.245	1.297	1.079	0.941	0.997	0.959	0.858	0.948	0.074	0.074	0.072	0.073	0.074	0.074	0.072	0.075	0.073	0.072	0.074	0.073	0.093	0.352	0.373	0.342	0.327	0.351	0.334	0.333	0.361	0.326	0.346	0.320	0.073	0.073	0.074	0.077	0.073	0.074	0.074	0.073	0.074	0.074	0.074	0.073
17:00:07	0.774	0.720	0.848	1.103	0.972	0.964	0.345	0.278	0.369	0.315	0.329	0.073	0.073	0.075	0.074	0.073	0.074	0.072	0.073	0.073	0.073	0.074	0.074	0.072	0.140	0.118	0.338	0.405	0.515	0.377	0.347	0.347	0.309	0.375	0.383	0.358	0.080	0.077	0.075	0.073	0.074	0.074	0.074	0.073	0.073	0.072	0.073	0.073	0.558	0.714	1.239	1.216	1.257	1.307	1.085	0.949	1.004	0.972	0.865	0.950	0.074	0.075	0.073	0.073	0.074	0.074	0.072	0.075	0.074	0.072	0.074	0.073	0.093	0.353	0.366	0.341	0.328	0.336	0.339	0.333	0.362	0.327	0.348	0.321	0.074	0.073	0.074	0.077	0.073	0.074	0.074	0.073	0.074	0.075	0.074	0.073
17:10:07	0.788	0.737	0.855	1.103	0.979	0.965	0.346	0.278	0.368	0.315	0.329	0.073	0.073	0.074	0.074	0.073	0.073	0.072	0.073	0.073	0.073	0.073	0.074	0.072	0.145	0.121	0.339	0.411	0.511	0.385	0.347	0.347	0.308	0.376	0.384	0.358	0.080	0.076	0.075	0.073	0.074	0.074	0.074	0.073	0.073	0.072	0.072	0.073	0.562	0.723	1.249	1.226	1.266	1.318	1.092	0.958	1.007	0.985	0.870	0.951	0.074	0.074	0.072	0.072	0.074	0.073	0.072	0.075	0.073	0.072	0.073	0.073	0.093	0.353	0.367	0.341	0.329	0.335	0.327	0.337	0.361	0.327	0.347	0.321	0.073	0.073	0.074	0.077	0.073	0.074	0.074	0.073	0.074	0.074	0.074	0.073
17:20:07	0.802	0.758	0.864	1.104	0.987	0.963	0.338	0.283	0.368	0.315	0.329	0.073	0.073	0.074	0.074	0.073	0.073	0.072	0.073	0.073	0.073	0.073	0.074	0.072	0.151	0.125	0.342	0.417	0.511	0.389	0.347	0.348	0.309	0.365	0.381	0.358	0.080	0.076	0.075	0.073	0.074	0.074	0.074	0.073	0.073	0.072	0.072	0.073	0.567	0.733	1.257	1.231	1.277	1.328	1.100	0.969	1.014	1.001	0.877	0.955	0.074	0.074	0.072	0.073	0.074	0.073	0.072	0.074	0.073	0.072	0.073	0.073	0.093	0.354	0.370	0.346	0.329	0.337	0.326	0.335	0.363	0.328	0.349	0.322	0.073	0.073	0.074	0.077	0.073	0.074	0.074	0.073	0.074	0.075	0.074	0.073
17:30:07	0.815	0.778	0.872	1.101	0.994	0.965	0.336	0.284	0.367	0.316	0.329	0.073	0.073	0.074	0.074	0.073	0.073	0.072	0.073	0.072	0.073	0.073	0.074	0.072	0.157	0.128	0.341	0.423	0.509	0.393	0.347	0.348	0.309	0.364	0.382	0.358	0.080	0.076	0.075	0.073	0.074	0.074	0.074	0.073	0.073	0.072	0.072	0.073	0.573	0.746	1.264	1.237	1.287	1.336	1.104	0.980	1.021	1.015	0.882	0.956	0.074	0.074	0.072	0.073	0.074	0.073	0.072	0.075	0.073	0.072	0.073	0.073	0.093	0.354	0.371	0.349	0.330	0.346	0.326	0.335	0.363	0.328	0.349	0.322	0.073	0.073	0.074	0.077	0.073	0.074	0.074	0.073	0.074	0.075	0.074	0.072
17:40:07	0.828	0.798	0.884	1.102	1.003	0.963	0.337	0.285	0.367	0.316	0.330	0.073	0.073	0.074	0.074	0.073	0.073	0.072	0.073	0.072	0.073	0.073	0.074	0.072	0.164	0.132	0.343	0.429	0.508	0.397	0.348	0.349	0.310	0.365	0.383	0.358	0.080	0.076	0.075	0.073	0.074	0.074	0.074	0.073	0.073	0.072	0.072	0.073	0.579	0.758	1.273	1.247	1.298	1.345	1.113	0.990	1.032	1.031	0.889	0.961	0.074	0.074	0.072	0.072	0.074	0.073	0.072	0.074	0.073	0.072	0.073	0.073	0.093	0.355	0.371	0.348	0.330	0.343	0.327	0.337	0.364	0.330	0.352	0.325	0.073	0.073	0.074	0.077	0.073	0.074	0.074	0.073	0.074	0.074	0.074	0.073
17:50:07	0.841	0.820	0.893	1.101	1.012	0.964	0.337	0.285	0.366	0.316	0.330	0.073	0.073	0.074	0.074	0.073	0.073	0.072	0.073	0.073	0.073	0.073	0.074	0.072	0.171	0.137	0.345	0.436	0.507	0.404	0.348	0.344	0.310	0.367	0.383	0.358	0.080	0.076	0.075	0.073	0.074	0.074	0.074	0.073	0.073	0.072	0.072	0.073	0.586	0.772	1.280	1.260	1.310	1.354	1.119	1.001	1.039	1.045	0.897	0.964	0.074	0.074	0.072	0.073	0.074	0.073	0.072	0.074	0.074	0.072	0.073	0.073	0.093	0.354	0.374	0.342	0.330	0.343	0.335	0.337	0.365	0.331	0.353	0.326	0.073	0.073	0.074	0.077	0.073	0.074	0.074	0.073	0.074	0.075	0.074	0.073
18:00:07	0.854	0.843	0.906	1.100	1.018	0.964	0.338	0.286	0.366	0.317	0.331	0.073	0.073	0.075	0.074	0.074	0.074	0.072	0.073	0.073	0.073	0.074	0.074	0.073	0.179	0.142	0.349	0.449	0.505	0.401	0.349	0.345	0.310	0.368	0.384	0.358	0.080	0.076	0.075	0.073	0.074	0.074	0.074	0.073	0.073	0.072	0.073	0.073	0.594	0.787	1.289	1.268	1.321	1.364	1.127	1.013	1.049	1.063	0.905	0.966	0.074	0.074	0.073	0.073	0.075	0.074	0.073	0.075	0.074	0.073	0.074	0.073	0.093	0.355	0.375	0.343	0.327	0.345	0.333	0.338	0.365	0.332	0.354	0.314	0.074	0.073	0.074	0.078	0.073	0.074	0.074	0.074	0.074	0.075	0.074	0.073
18:10:07	0.865	0.865	0.918	1.099	1.021	0.964	0.338	0.287	0.366	0.317	0.330	0.073	0.073	0.075	0.074	0.073	0.073	0.072	0.073	0.073	0.073	0.073	0.074	0.072	0.186	0.147	0.352	0.456	0.498	0.405	0.349	0.345	0.311	0.368	0.384	0.358	0.080	0.076	0.075	0.073	0.074	0.074	0.074	0.073	0.073	0.072	0.072	0.073	0.603	0.803	1.297	1.279	1.332	1.373	1.133	1.026	1.057	1.077	0.914	0.971	0.074	0.074	0.072	0.073	0.074	0.073	0.072	0.074	0.073	0.072	0.073	0.073	0.093	0.355	0.376	0.346	0.329	0.344	0.329	0.339	0.366	0.333	0.354	0.315	0.073	0.073	0.074	0.077	0.073	0.074	0.074	0.074	0.074	0.075	0.074	0.073
18:20:07	0.876	0.888	0.931	1.098	1.030	0.965	0.339	0.287	0.366	0.317	0.331	0.073	0.073	0.074	0.074	0.073	0.073	0.072	0.073	0.073	0.073	0.073	0.074	0.072	0.194	0.153	0.356	0.464	0.496	0.410	0.348	0.346	0.311	0.370	0.384	0.359	0.080	0.076	0.075	0.073	0.074	0.074	0.074	0.073	0.073	0.072	0.072	0.073	0.612	0.818	1.305	1.289	1.342	1.382	1.141	1.039	1.064	1.093	0.923	0.972	0.074	0.074	0.072	0.073	0.074	0.073	0.072	0.075	0.074	0.072	0.073	0.073	0.093	0.356	0.377	0.346	0.328	0.344	0.330	0.336	0.366	0.334	0.354	0.315	0.073	0.073	0.074	0.077	0.073	0.074	0.074	0.073	0.074	0.075	0.074	0.073
18:30:07	0.888	0.912	0.944	1.095	1.041	0.962	0.340	0.287	0.365	0.318	0.331	0.073	0.073	0.075	0.074	0.073	0.073	0.072	0.073	0.073	0.073	0.073	0.074	0.072	0.203	0.159	0.361	0.472	0.495	0.415	0.348	0.346	0.311	0.371	0.385	0.359	0.080	0.077	0.075	0.073	0.074	0.074	0.074	0.073	0.073	0.072	0.073	0.073	0.622	0.836	1.312	1.298	1.352	1.393	1.150	1.053	1.074	1.107	0.933	0.974	0.074	0.074	0.073	0.073	0.075	0.074	0.072	0.075	0.073	0.072	0.073	0.073	0.093	0.355	0.378	0.345	0.328	0.346	0.331	0.339	0.368	0.337	0.356	0.316	0.073	0.073	0.074	0.077	0.073	0.074	0.074	0.073	0.074	0.074	0.074	0.073
18:40:07	0.899	0.938	0.959	1.093	1.052	0.962	0.340	0.287	0.365	0.318	0.331	0.073	0.073	0.075	0.074	0.074	0.073	0.072	0.073	0.073	0.073	0.074	0.074	0.072	0.211	0.165	0.367	0.470	0.490	0.413	0.349	0.347	0.312	0.365	0.386	0.359	0.080	0.076	0.075	0.073	0.074	0.074	0.074	0.073	0.073	0.072	0.073	0.073	0.634	0.853	1.320	1.304	1.364	1.402	1.150	1.063	1.074	1.124	0.945	0.977	0.074	0.075	0.072	0.073	0.074	0.074	0.072	0.075	0.074	0.072	0.074	0.073	0.093	0.356	0.377	0.347	0.330	0.352	0.331	0.339	0.369	0.337	0.344	0.317	0.074	0.073	0.074	0.077	0.073	0.074	0.074	0.074	0.074	0.075	0.074	0.073
18:50:07	0.910	0.965	0.974	1.093	1.062	0.963	0.341	0.288	0.368	0.318	0.331	0.073	0.073	0.075	0.074	0.073	0.073	0.072	0.073	0.073	0.073	0.073	0.074	0.072	0.220	0.173	0.370	0.474	0.490	0.419	0.349	0.347	0.312	0.366	0.386	0.358	0.080	0.077	0.075	0.073	0.074	0.074	0.074	0.073	0.073	0.072	0.073	0.073	0.646	0.872	1.327	1.312	1.372	1.413	1.154	1.076	1.082	1.138	0.955	0.979	0.074	0.074	0.072	0.073	0.075	0.074	0.072	0.075	0.073	0.072	0.073	0.073	0.093	0.356	0.376	0.350	0.329	0.353	0.332	0.340	0.370	0.334	0.346	0.325	0.073	0.073	0.074	0.077	0.073	0.074	0.074	0.073	0.074	0.075	0.074	0.073
19:00:07	0.921	0.989	0.991	1.090	1.074	0.964	0.342	0.288	0.367	0.319	0.334	0.073	0.073	0.074	0.074	0.073	0.073	0.072	0.073	0.073	0.073	0.073	0.074	0.072	0.228	0.181	0.373	0.485	0.488	0.428	0.349	0.351	0.313	0.365	0.387	0.359	0.080	0.076	0.075	0.073	0.074	0.074	0.074	0.073	0.073	0.072	0.072	0.073	0.660	0.891	1.336	1.322	1.383	1.423	1.164	1.090	1.087	1.155	0.969	0.980	0.074	0.074	0.072	0.073	0.074	0.073	0.072	0.075	0.074	0.072	0.074	0.072	0.093	0.356	0.377	0.355	0.331	0.352	0.338	0.334	0.369	0.334	0.345	0.328	0.073	0.073	0.074	0.077	0.073	0.074	0.074	0.073	0.074	0.074	0.074	0.073
19:10:07	0.933	1.014	1.009	1.091	1.087	0.965	0.343	0.287	0.367	0.319	0.334	0.073	0.073	0.075	0.074	0.073	0.073	0.073	0.073	0.073	0.073	0.074	0.074	0.072	0.237	0.189	0.379	0.497	0.487	0.435	0.350	0.353	0.314	0.367	0.387	0.359	0.080	0.077	0.075	0.073	0.074	0.075	0.074	0.073	0.073	0.073	0.073	0.073	0.676	0.912	1.344	1.330	1.395	1.430	1.173	1.105	1.097	1.170	0.982	0.984	0.074	0.074	0.073	0.073	0.074	0.074	0.073	0.075	0.074	0.073	0.073	0.073	0.094	0.357	0.370	0.355	0.333	0.354	0.340	0.335	0.370	0.328	0.346	0.328	0.073	0.073	0.074	0.077	0.073	0.074	0.074	0.073	0.074	0.075	0.074	0.073
19:20:07	0.943	1.036	1.028	1.089	1.101	0.967	0.343	0.288	0.367	0.319	0.334	0.073	0.073	0.075	0.074	0.073	0.073	0.072	0.073	0.073	0.073	0.073	0.074	0.072	0.245	0.198	0.383	0.509	0.485	0.443	0.350	0.353	0.314	0.367	0.388	0.359	0.080	0.077	0.075	0.073	0.074	0.074	0.074	0.073	0.073	0.073	0.073	0.073	0.692	0.931	1.351	1.341	1.406	1.440	1.183	1.123	1.107	1.186	0.995	0.985	0.074	0.074	0.073	0.073	0.074	0.073	0.072	0.075	0.074	0.072	0.073	0.073	0.093	0.358	0.367	0.356	0.333	0.354	0.340	0.336	0.371	0.329	0.347	0.331	0.073	0.073	0.074	0.078	0.073	0.074	0.074	0.073	0.074	0.075	0.074	0.073
19:30:07	0.954	1.060	1.048	1.086	1.111	0.968	0.344	0.288	0.367	0.320	0.334	0.073	0.073	0.075	0.074	0.074	0.074	0.073	0.073	0.073	0.073	0.073	0.074	0.072	0.252	0.208	0.389	0.514	0.484	0.448	0.350	0.353	0.314	0.364	0.382	0.359	0.080	0.076	0.075	0.073	0.074	0.074	0.074	0.073	0.073	0.072	0.073	0.073	0.708	0.953	1.358	1.350	1.419	1.451	1.195	1.139	1.113	1.203	1.008	0.987	0.074	0.075	0.072	0.073	0.075	0.074	0.073	0.075	0.074	0.072	0.074	0.073	0.093	0.359	0.367	0.357	0.334	0.354	0.349	0.337	0.371	0.334	0.336	0.333	0.074	0.073	0.074	0.077	0.073	0.074	0.074	0.074	0.074	0.075	0.074	0.073
19:40:07	0.964	1.082	1.067	1.083	1.124	0.969	0.345	0.290	0.369	0.320	0.334	0.073	0.073	0.074	0.074	0.073	0.073	0.073	0.073	0.073	0.073	0.073	0.074	0.072	0.259	0.218	0.395	0.528	0.480	0.456	0.350	0.354	0.318	0.365	0.382	0.360	0.080	0.076	0.075	0.073	0.074	0.074	0.074	0.073	0.073	0.072	0.072	0.073	0.725	0.974	1.364	1.359	1.433	1.463	1.207	1.154	1.123	1.221	1.015	0.991	0.074	0.074	0.072	0.073	0.074	0.074	0.072	0.074	0.073	0.072	0.073	0.073	0.093	0.359	0.368	0.356	0.335	0.356	0.349	0.337	0.372	0.335	0.339	0.333	0.073	0.073	0.074	0.077	0.073	0.074	0.074	0.073	0.074	0.074	0.074	0.072
19:50:07	0.975	1.102	1.088	1.072	1.137	0.971	0.328	0.291	0.370	0.320	0.335	0.073	0.073	0.075	0.074	0.073	0.073	0.073	0.073	0.073	0.073	0.074	0.074	0.073	0.265	0.229	0.403	0.526	0.479	0.464	0.351	0.354	0.319	0.365	0.382	0.360	0.080	0.076	0.075	0.073	0.074	0.074	0.074	0.073	0.073	0.073	0.073	0.073	0.742	0.997	1.371	1.371	1.445	1.474	1.220	1.172	1.132	1.237	1.029	0.984	0.074	0.074	0.072	0.073	0.074	0.074	0.072	0.075	0.074	0.072	0.074	0.073	0.093	0.360	0.368	0.359	0.330	0.357	0.350	0.338	0.365	0.336	0.332	0.334	0.073	0.073	0.074	0.077	0.073	0.074	0.074	0.074	0.074	0.075	0.074	0.073
20:00:07	0.985	1.123	1.110	1.069	1.152	0.974	0.328	0.284	0.369	0.320	0.335	0.073	0.073	0.074	0.074	0.073	0.073	0.072	0.073	0.072	0.073	0.073	0.074	0.072	0.271	0.240	0.411	0.538	0.484	0.467	0.351	0.355	0.320	0.365	0.383	0.361	0.080	0.076	0.075	0.073	0.074	0.074	0.074	0.073	0.073	0.072	0.073	0.073	0.760	1.018	1.375	1.382	1.458	1.483	1.235	1.190	1.144	1.256	1.045	0.986	0.074	0.074	0.073	0.073	0.074	0.073	0.072	0.075	0.074	0.072	0.073	0.073	0.093	0.360	0.375	0.356	0.330	0.357	0.351	0.339	0.366	0.338	0.332	0.334	0.073	0.073	0.074	0.077	0.073	0.074	0.074	0.073	0.074	0.075	0.074	0.073
20:10:07	0.996	1.141	1.132	1.067	1.167	0.977	0.330	0.284	0.369	0.320	0.336	0.073	0.073	0.074	0.074	0.073	0.073	0.072	0.073	0.073	0.073	0.073	0.074	0.072	0.276	0.253	0.419	0.550	0.481	0.477	0.351	0.356	0.321	0.366	0.383	0.361	0.080	0.077	0.075	0.073	0.074	0.074	0.074	0.073	0.073	0.073	0.073	0.073	0.781	1.041	1.382	1.394	1.470	1.492	1.249	1.209	1.152	1.272	1.061	0.993	0.074	0.074	0.072	0.073	0.074	0.074	0.072	0.075	0.074	0.072	0.074	0.073	0.094	0.364	0.378	0.357	0.331	0.355	0.347	0.339	0.355	0.338	0.332	0.335	0.073	0.073	0.074	0.077	0.073	0.074	0.074	0.074	0.074	0.075	0.074	0.073
20:20:07	1.008	1.158	1.154	1.063	1.181	0.977	0.330	0.284	0.370	0.320	0.335	0.073	0.073	0.074	0.074	0.073	0.073	0.072	0.073	0.073	0.073	0.073	0.074	0.072	0.279	0.266	0.428	0.563	0.479	0.485	0.351	0.354	0.321	0.367	0.384	0.361	0.080	0.076	0.075	0.073	0.074	0.074	0.074	0.073	0.073	0.072	0.072	0.073	0.799	1.063	1.389	1.407	1.482	1.501	1.263	1.228	1.160	1.288	1.076	0.993	0.074	0.074	0.072	0.072	0.074	0.073	0.072	0.075	0.073	0.072	0.073	0.072	0.093	0.364	0.378	0.358	0.332	0.358	0.348	0.340	0.354	0.338	0.334	0.335	0.073	0.073	0.074	0.077	0.073	0.074	0.074	0.074	0.074	0.074	0.073	0.073
20:30:07	1.019	1.174	1.176	1.061	1.197	0.977	0.331	0.282	0.366	0.321	0.336	0.073	0.073	0.075	0.074	0.073	0.073	0.072	0.073	0.073	0.073	0.074	0.074	0.072	0.283	0.280	0.437	0.574	0.477	0.494	0.352	0.355	0.322	0.378	0.384	0.361	0.080	0.076	0.075	0.073	0.074	0.074	0.074	0.073	0.073	0.072	0.072	0.073	0.822	1.086	1.396	1.417	1.494	1.510	1.278	1.248	1.167	1.306	1.091	0.998	0.074	0.075	0.072	0.073	0.075	0.073	0.072	0.075	0.073	0.072	0.074	0.073	0.093	0.366	0.377	0.358	0.332	0.357	0.349	0.341	0.357	0.345	0.326	0.335	0.073	0.073	0.074	0.077	0.073	0.074	0.074	0.074	0.074	0.075	0.074	0.073
20:40:07	1.032	1.189	1.198	1.059	1.210	0.978	0.329	0.282	0.366	0.321	0.335	0.073	0.073	0.074	0.074	0.073	0.073	0.072	0.073	0.072	0.073	0.073	0.074	0.072	0.285	0.295	0.447	0.588	0.470	0.508	0.352	0.355	0.322	0.379	0.383	0.366	0.080	0.076	0.074	0.073	0.074	0.074	0.074	0.073	0.073	0.072	0.072	0.073	0.842	1.106	1.403	1.429	1.506	1.518	1.289	1.268	1.172	1.324	1.106	0.996	0.074	0.074	0.072	0.072	0.074	0.073	0.072	0.074	0.074	0.072	0.073	0.073	0.093	0.364	0.370	0.361	0.333	0.359	0.350	0.342	0.354	0.340	0.326	0.328	0.073	0.073	0.074	0.077	0.073	0.074	0.074	0.073	0.074	0.074	0.074	0.072
20:50:07	1.045	1.203	1.219	1.054	1.224	0.978	0.330	0.283	0.367	0.321	0.336	0.073	0.073	0.075	0.074	0.074	0.073	0.073	0.073	0.073	0.073	0.074	0.074	0.072	0.287	0.312	0.458	0.599	0.466	0.516	0.352	0.356	0.323	0.380	0.384	0.357	0.080	0.077	0.075	0.073	0.074	0.074	0.074	0.073	0.073	0.073	0.072	0.073	0.864	1.127	1.412	1.441	1.516	1.526	1.305	1.288	1.180	1.342	1.122	0.995	0.074	0.074	0.072	0.073	0.075	0.074	0.072	0.075	0.074	0.072	0.074	0.073	0.093	0.365	0.370	0.362	0.331	0.362	0.351	0.342	0.356	0.342	0.327	0.329	0.073	0.073	0.074	0.078	0.073	0.074	0.074	0.074	0.074	0.075	0.074	0.073
21:00:07	1.059	1.215	1.239	1.051	1.239	0.980	0.330	0.284	0.367	0.321	0.336	0.073	0.073	0.074	0.074	0.073	0.073	0.072	0.073	0.072	0.073	0.073	0.074	0.072	0.288	0.328	0.469	0.610	0.464	0.525	0.352	0.360	0.323	0.380	0.382	0.356	0.080	0.076	0.074	0.073	0.074	0.074	0.074	0.073	0.073	0.072	0.072	0.073	0.884	1.147	1.421	1.452	1.528	1.534	1.320	1.302	1.184	1.359	1.139	0.997	0.074	0.074	0.072	0.073	0.074	0.073	0.072	0.075	0.073	0.072	0.073	0.073	0.093	0.366	0.372	0.363	0.333	0.362	0.352	0.331	0.356	0.343	0.329	0.329	0.073	0.073	0.074	0.077	0.073	0.074	0.074	0.073	0.074	0.075	0.074	0.073
21:10:07	1.072	1.228	1.260	1.050	1.254	0.979	0.322	0.284	0.366	0.321	0.336	0.073	0.073	0.074	0.073	0.073	0.073	0.072	0.073	0.072	0.073	0.073	0.074	0.072	0.289	0.345	0.481	0.619	0.462	0.529	0.353	0.361	0.323	0.380	0.383	0.356	0.080	0.076	0.074	0.073	0.074	0.074	0.073	0.073	0.072	0.072	0.072	0.073	0.905	1.167	1.432	1.462	1.541	1.540	1.333	1.321	1.162	1.374	1.152	1.002	0.074	0.074	0.072	0.072	0.074	0.073	0.072	0.074	0.073	0.072	0.073	0.073	0.093	0.367	0.371	0.364	0.334	0.362	0.352	0.332	0.357	0.344	0.337	0.336	0.073	0.073	0.074	0.077	0.073	0.074	0.074	0.073	0.074	0.074	0.073	0.072
21:20:07	1.085	1.240	1.279	1.047	1.269	0.979	0.323	0.285	0.367	0.322	0.317	0.073	0.073	0.075	0.074	0.074	0.073	0.073	0.073	0.073	0.073	0.073	0.074	0.072	0.289	0.363	0.496	0.626	0.461	0.531	0.355	0.362	0.324	0.381	0.383	0.356	0.080	0.076	0.075	0.073	0.074	0.074	0.074	0.073	0.073	0.072	0.073	0.073	0.927	1.187	1.441	1.474	1.553	1.547	1.349	1.341	1.169	1.389	1.168	1.004	0.074	0.074	0.072	0.073	0.075	0.073	0.072	0.075	0.074	0.072	0.074	0.073	0.093	0.368	0.372	0.365	0.335	0.364	0.355	0.335	0.358	0.345	0.337	0.336	0.073	0.073	0.074	0.077	0.073	0.074	0.074	0.073	0.074	0.075	0.074	0.073
21:30:07	1.098	1.252	1.296	1.043	1.284	0.979	0.324	0.285	0.366	0.322	0.316	0.073	0.073	0.074	0.073	0.073	0.073	0.072	0.073	0.073	0.073	0.073	0.074	0.072	0.289	0.381	0.510	0.636	0.460	0.538	0.352	0.362	0.324	0.382	0.384	0.350	0.080	0.076	0.075	0.073	0.074	0.074	0.074	0.073	0.073	0.072	0.072	0.073	0.948	1.206	1.451	1.482	1.563	1.553	1.365	1.358	1.178	1.399	1.184	1.005	0.074	0.074	0.072	0.072	0.074	0.073	0.072	0.075	0.073	0.072	0.073	0.072	0.093	0.367	0.369	0.366	0.336	0.365	0.355	0.337	0.358	0.353	0.338	0.337	0.073	0.073	0.074	0.077	0.073	0.074	0.074	0.073	0.074	0.074	0.074	0.072
21:40:07	1.111	1.263	1.310	1.040	1.299	0.977	0.324	0.286	0.366	0.322	0.316	0.073	0.073	0.074	0.074	0.073	0.073	0.072	0.073	0.073	0.073	0.073	0.074	0.072	0.289	0.398	0.520	0.645	0.460	0.542	0.352	0.362	0.325	0.383	0.384	0.351	0.080	0.076	0.075	0.073	0.074	0.074	0.074	0.073	0.073	0.072	0.072	0.073	0.969	1.223	1.462	1.492	1.568	1.560	1.378	1.376	1.187	1.414	1.202	1.004	0.074	0.074	0.072	0.073	0.075	0.073	0.072	0.075	0.073	0.072	0.074	0.073	0.093	0.367	0.370	0.366	0.336	0.366	0.356	0.339	0.359	0.348	0.340	0.338	0.073	0.073	0.074	0.077	0.073	0.074	0.074	0.073	0.074	0.074	0.074	0.073
21:50:07	1.121	1.271	1.324	1.038	1.312	0.977	0.325	0.287	0.366	0.322	0.316	0.073	0.073	0.074	0.074	0.073	0.073	0.072	0.073	0.072	0.073	0.073	0.074	0.072	0.288	0.418	0.534	0.652	0.458	0.546	0.352	0.363	0.325	0.383	0.384	0.350	0.080	0.076	0.074	0.073	0.074	0.074	0.074	0.073	0.072	0.072	0.072	0.073	0.989	1.240	1.474	1.502	1.573	1.565	1.388	1.391	1.197	1.426	1.220	1.001	0.074	0.074	0.072	0.072	0.074	0.073	0.072	0.074	0.073	0.072	0.073	0.073	0.093	0.367	0.370	0.367	0.337	0.367	0.357	0.339	0.347	0.349	0.341	0.338	0.073	0.073	0.074	0.077	0.073	0.074	0.074	0.073	0.074	0.075	0.074	0.073
22:00:07	1.133	1.281	1.338	1.038	1.328	0.976	0.326	0.275	0.366	0.322	0.316	0.073	0.073	0.074	0.073	0.073	0.073	0.072	0.073	0.073	0.073	0.073	0.074	0.072	0.288	0.437	0.547	0.659	0.453	0.550	0.352	0.362	0.323	0.384	0.385	0.350	0.080	0.076	0.075	0.073	0.074	0.074	0.074	0.073	0.073	0.072	0.072	0.073	1.007	1.257	1.485	1.511	1.582	1.571	1.403	1.408	1.205	1.437	1.237	0.999	0.074	0.074	0.073	0.073	0.074	0.073	0.072	0.075	0.074	0.072	0.073	0.073	0.093	0.368	0.372	0.364	0.338	0.370	0.358	0.334	0.348	0.350	0.341	0.339	0.073	0.073	0.074	0.077	0.073	0.074	0.074	0.073	0.074	0.075	0.074	0.073
22:10:07	1.143	1.290	1.353	1.035	1.343	0.974	0.326	0.274	0.366	0.322	0.316	0.073	0.073	0.074	0.074	0.073	0.073	0.072	0.073	0.073	0.073	0.073	0.074	0.072	0.288	0.454	0.561	0.666	0.452	0.556	0.353	0.362	0.323	0.385	0.386	0.350	0.080	0.076	0.075	0.073	0.074	0.074	0.074	0.073	0.073	0.072	0.072	0.073	1.027	1.273	1.494	1.521	1.589	1.569	1.415	1.416	1.220	1.448	1.253	1.005	0.074	0.074	0.072	0.073	0.074	0.074	0.072	0.075	0.073	0.072	0.073	0.073	0.093	0.361	0.372	0.366	0.338	0.371	0.359	0.335	0.350	0.351	0.342	0.340	0.073	0.073	0.074	0.077	0.073	0.074	0.074	0.074	0.074	0.074	0.074	0.073
22:20:07	1.152	1.297	1.365	1.024	1.358	0.973	0.327	0.275	0.366	0.322	0.316	0.073	0.073	0.074	0.073	0.073	0.073	0.072	0.073	0.073	0.073	0.073	0.074	0.072	0.287	0.471	0.575	0.673	0.450	0.560	0.353	0.363	0.324	0.385	0.386	0.349	0.080	0.076	0.074	0.073	0.074	0.074	0.074	0.073	0.073	0.072	0.072	0.073	1.046	1.288	1.502	1.529	1.597	1.576	1.429	1.426	1.230	1.457	1.269	1.008	0.074	0.074	0.072	0.072	0.074	0.073	0.072	0.075	0.073	0.072	0.073	0.073	0.093	0.361	0.376	0.368	0.338	0.372	0.361	0.337	0.349	0.352	0.343	0.340	0.073	0.073	0.074	0.077	0.073	0.074	0.074	0.073	0.074	0.075	0.074	0.073
22:30:07	1.163	1.306	1.377	1.022	1.374	0.973	0.328	0.276	0.366	0.322	0.317	0.073	0.073	0.075	0.074	0.073	0.073	0.073	0.073	0.073	0.073	0.074	0.074	0.072	0.287	0.490	0.589	0.680	0.449	0.565	0.353	0.363	0.324	0.386	0.387	0.350	0.080	0.077	0.075	0.073	0.074	0.074	0.074	0.073	0.073	0.072	0.073	0.073	1.064	1.303	1.511	1.537	1.603	1.583	1.444	1.434	1.244	1.467	1.287	1.014	0.074	0.074	0.072	0.073	0.075	0.074	0.072	0.075	0.074	0.072	0.074	0.073	0.093	0.361	0.377	0.370	0.338	0.373	0.362	0.320	0.350	0.353	0.344	0.340	0.074	0.073	0.074	0.077	0.073	0.074	0.074	0.073	0.074	0.075	0.074	0.073
22:40:07	1.171	1.314	1.387	1.014	1.390	0.973	0.328	0.276	0.367	0.322	0.317	0.073	0.073	0.074	0.074	0.073	0.073	0.073	0.073	0.073	0.073	0.073	0.074	0.072	0.286	0.507	0.599	0.687	0.443	0.568	0.353	0.364	0.325	0.386	0.387	0.349	0.080	0.076	0.075	0.073	0.074	0.074	0.074	0.073	0.073	0.072	0.073	0.073	1.080	1.317	1.512	1.543	1.608	1.589	1.455	1.446	1.263	1.476	1.295	1.008	0.074	0.074	0.073	0.073	0.075	0.074	0.072	0.075	0.073	0.072	0.073	0.073	0.093	0.356	0.378	0.369	0.339	0.375	0.361	0.323	0.352	0.355	0.323	0.341	0.073	0.073	0.074	0.077	0.073	0.074	0.074	0.073	0.074	0.075	0.074	0.073
22:50:07	1.180	1.321	1.398	1.010	1.404	0.971	0.317	0.276	0.366	0.322	0.317	0.073	0.073	0.074	0.074	0.073	0.073	0.072	0.073	0.073	0.073	0.073	0.074	0.072	0.285	0.524	0.612	0.694	0.441	0.571	0.353	0.363	0.325	0.387	0.397	0.349	0.080	0.077	0.075	0.073	0.074	0.074	0.074	0.073	0.073	0.072	0.072	0.073	1.098	1.331	1.520	1.551	1.614	1.596	1.466	1.456	1.281	1.484	1.312	1.009	0.074	0.074	0.072	0.073	0.075	0.073	0.072	0.075	0.074	0.072	0.074	0.073	0.093	0.357	0.378	0.370	0.339	0.373	0.366	0.323	0.353	0.355	0.323	0.340	0.073	0.073	0.074	0.077	0.073	0.074	0.074	0.073	0.074	0.075	0.074	0.073
23:00:07	1.187	1.328	1.406	1.009	1.419	0.970	0.317	0.276	0.366	0.322	0.318	0.073	0.073	0.074	0.074	0.073	0.073	0.072	0.073	0.073	0.073	0.073	0.074	0.072	0.284	0.537	0.625	0.700	0.440	0.573	0.354	0.364	0.326	0.387	0.397	0.349	0.080	0.076	0.075	0.073	0.074	0.074	0.074	0.073	0.073	0.072	0.072	0.073	1.114	1.345	1.526	1.559	1.620	1.602	1.477	1.465	1.300	1.493	1.327	1.011	0.074	0.074	0.072	0.073	0.074	0.073	0.072	0.075	0.073	0.072	0.073	0.073	0.093	0.357	0.379	0.370	0.339	0.376	0.365	0.322	0.354	0.357	0.324	0.341	0.073	0.073	0.074	0.077	0.073	0.074	0.074	0.073	0.074	0.075	0.074	0.073
23:10:07	1.195	1.335	1.414	1.005	1.434	0.968	0.317	0.277	0.366	0.322	0.318	0.073	0.073	0.074	0.074	0.073	0.073	0.072	0.073	0.072	0.073	0.073	0.074	0.072	0.283	0.553	0.637	0.708	0.438	0.575	0.354	0.365	0.325	0.374	0.397	0.349	0.080	0.076	0.074	0.073	0.074	0.074	0.074	0.073	0.072	0.072	0.072	0.073	1.128	1.357	1.532	1.565	1.626	1.608	1.487	1.474	1.315	1.499	1.342	1.012	0.074	0.074	0.072	0.072	0.074	0.073	0.072	0.075	0.073	0.072	0.073	0.072	0.093	0.358	0.380	0.372	0.340	0.376	0.366	0.323	0.355	0.358	0.324	0.341	0.073	0.073	0.074	0.077	0.073	0.074	0.074	0.073	0.074	0.074	0.073	0.073
23:20:07	1.202	1.343	1.422	1.003	1.447	0.966	0.317	0.277	0.367	0.323	0.316	0.073	0.073	0.074	0.074	0.073	0.073	0.072	0.073	0.072	0.073	0.073	0.074	0.072	0.283	0.566	0.647	0.714	0.438	0.578	0.354	0.365	0.326	0.374	0.398	0.348	0.080	0.076	0.075	0.073	0.074	0.074	0.074	0.073	0.073	0.072	0.072	0.073	1.144	1.369	1.539	1.573	1.631	1.615	1.495	1.484	1.333	1.506	1.354	1.015	0.074	0.074	0.072	0.073	0.074	0.073	0.072	0.075	0.073	0.072	0.073	0.073	0.093	0.359	0.380	0.373	0.341	0.377	0.370	0.324	0.355	0.358	0.324	0.342	0.073	0.073	0.074	0.077	0.073	0.074	0.074	0.073	0.074	0.074	0.074	0.072
23:30:07	1.210	1.348	1.429	1.000	1.460	0.963	0.318	0.277	0.367	0.323	0.316	0.073	0.073	0.074	0.074	0.073	0.073	0.072	0.073	0.073	0.073	0.074	0.074	0.072	0.282	0.579	0.658	0.721	0.436	0.575	0.354	0.356	0.326	0.375	0.398	0.349	0.080	0.076	0.075	0.073	0.074	0.074	0.074	0.073	0.073	0.073	0.073	0.073	1.155	1.380	1.542	1.578	1.637	1.620	1.504	1.492	1.351	1.515	1.366	1.017	0.074	0.074	0.072	0.073	0.075	0.074	0.072	0.075	0.074	0.072	0.074	0.073	0.093	0.359	0.380	0.374	0.342	0.378	0.368	0.326	0.355	0.359	0.326	0.342	0.073	0.073	0.074	0.077	0.073	0.074	0.074	0.073	0.074	0.075	0.074	0.073
23:40:07	1.217	1.354	1.436	0.997	1.473	0.963	0.319	0.278	0.367	0.323	0.316	0.073	0.073	0.074	0.074	0.073	0.073	0.072	0.073	0.073	0.073	0.073	0.074	0.072	0.281	0.588	0.667	0.727	0.436	0.576	0.354	0.356	0.326	0.375	0.399	0.348	0.080	0.076	0.075	0.073	0.074	0.074	0.074	0.073	0.073	0.072	0.072	0.073	1.167	1.391	1.546	1.584	1.638	1.628	1.512	1.500	1.370	1.521	1.376	1.019	0.074	0.074	0.072	0.073	0.074	0.073	0.072	0.075	0.073	0.072	0.073	0.073	0.093	0.359	0.381	0.374	0.333	0.377	0.368	0.325	0.357	0.359	0.327	0.343	0.073	0.073	0.074	0.077	0.073	0.074	0.074	0.073	0.074	0.075	0.074	0.073
23:50:07	1.225	1.360	1.444	0.996	1.485	0.963	0.319	0.278	0.367	0.323	0.316	0.073	0.073	0.074	0.074	0.073	0.073	0.072	0.073	0.073	0.073	0.074	0.074	0.072	0.281	0.598	0.675	0.734	0.433	0.578	0.355	0.356	0.327	0.375	0.399	0.348	0.080	0.076	0.074	0.073	0.074	0.074	0.074	0.073	0.073	0.072	0.072	0.073	1.179	1.401	1.550	1.591	1.643	1.632	1.519	1.507	1.390	1.528	1.388	1.022	0.074	0.074	0.072	0.073	0.074	0.073	0.072	0.075	0.073	0.072	0.074	0.073	0.093	0.358	0.383	0.376	0.334	0.379	0.369	0.326	0.357	0.360	0.327	0.342	0.073	0.073	0.074	0.077	0.073	0.074	0.074	0.073	0.074	0.074	0.074	0.073
24:00:07	1.232	1.366	1.451	0.994	1.493	0.963	0.320	0.279	0.367	0.323	0.316	0.073	0.073	0.074	0.074	0.074	0.073	0.072	0.073	0.073	0.073	0.073	0.074	0.072	0.280	0.607	0.683	0.738	0.433	0.580	0.355	0.356	0.327	0.381	0.399	0.348	0.080	0.077	0.075	0.073	0.074	0.074	0.074	0.073	0.073	0.072	0.072	0.073	1.191	1.412	1.556	1.599	1.649	1.639	1.520	1.515	1.404	1.534	1.394	1.025	0.074	0.074	0.072	0.073	0.075	0.074	0.072	0.075	0.074	0.072	0.074	0.073	0.093	0.359	0.383	0.376	0.326	0.382	0.370	0.327	0.351	0.361	0.329	0.344	0.074	0.073	0.074	0.077	0.073	0.074	0.074	0.074	0.074	0.075	0.074	0.073

